   12    73.79
   25    97.51
   50   121.23
   93   144.94
  127   168.66
  135   192.38
  157   216.10
  162   239.82
  175   263.54
  150   287.25
  177   310.97
  123   334.69
  122   358.41
  101   382.13
   80   405.84
   85   429.56
   76   453.28
   54   477.00
   49   500.72
   34   524.44
   30   548.15
   23   571.87
   23   595.59
   13   619.31
   11   643.03
   10   666.75
    4   690.46
    1   714.18
    5   737.90
    4   761.62
    3   785.34
    0   809.05
    0   832.77
    0   856.49
    3   880.21
    0   903.93
    0   927.65
    0   951.36
    0   975.08
    1   998.80

    3    81.68
   12   105.20
   10   128.72
   32   152.23
   31   175.75
   35   199.27
   45   222.79
   32   246.31
   41   269.83
   31   293.35
   51   316.86
   25   340.38
   30   363.90
   19   387.42
   23   410.94
   24   434.46
   15   457.98
   10   481.49
   12   505.01
    5   528.53
    7   552.05
    3   575.57
    8   599.09
    1   622.60
    2   646.12
    1   669.64
    2   693.16
    0   716.68
    1   740.20
    0   763.72
    2   787.23
    0   810.75
    0   834.27
    0   857.79
    1   881.31
    0   904.83
    0   928.35
    0   951.86
    0   975.38
    1   998.90

    9    69.53
    6    84.74
   20    99.95
   33   115.15
   33   130.36
   63   145.57
   76   160.77
   85   175.98
   84   191.19
  103   206.39
   95   221.60
  105   236.81
  104   252.01
  114   267.22
   93   282.43
  111   297.63
  112   312.84
   96   328.05
   62   343.25
   80   358.46
   65   373.67
   61   388.88
   47   404.08
   53   419.29
   53   434.50
   56   449.70
   36   464.91
   34   480.12
   25   495.32
   34   510.53
   16   525.74
   20   540.94
   15   556.15
   12   571.36
   11   586.56
    6   601.77
    7   616.98
    5   632.18
    5   647.39
    2   662.60

    2    76.61
    1    89.99
    3   103.36
    7   116.74
    5   130.12
    9   143.49
   18   156.87
   14   170.25
   12   183.62
   11   197.00
   18   210.38
   13   223.75
   15   237.13
   13   250.51
   22   263.88
   12   277.26
    9   290.64
   19   304.01
   17   317.39
    9   330.77
    8   344.14
   11   357.52
    7   370.90
    6   384.27
    4   397.65
    6   411.03
    5   424.40
    2   437.78
    7   451.16
    0   464.53
    4   477.91
    3   491.29
    3   504.66
    3   518.04
    2   531.42
    1   544.79
    1   558.17
    0   571.55
    1   584.92
    1   598.30

    1    76.68
    9    94.93
   28   113.19
   25   131.44
   46   149.70
   54   167.95
   67   186.20
   67   204.46
   65   222.71
   82   240.97
   84   259.22
   73   277.48
   69   295.73
   73   313.99
   57   332.24
   56   350.49
   66   368.75
   56   387.00
   47   405.26
   45   423.51
   26   441.77
   35   460.02
   26   478.28
   20   496.53
   33   514.79
   14   533.04
   16   551.29
   13   569.55
   10   587.80
    6   606.06
    6   624.31
    4   642.57
    2   660.82
    8   679.08
    5   697.33
    3   715.58
    1   733.84
    0   752.09
    1   770.35
    1   788.60

   10   110.53
    6   126.17
    9   141.82
   15   157.46
   12   173.10
   17   188.74
   18   204.39
   15   220.03
    9   235.67
   14   251.31
   17   266.96
   16   282.60
    8   298.24
   14   313.88
   17   329.53
   10   345.17
   17   360.81
   17   376.45
   15   392.10
   11   407.74
   10   423.38
    7   439.02
   11   454.67
    8   470.31
    4   485.95
    6   501.59
    1   517.24
    5   532.88
    2   548.52
    3   564.16
    5   579.81
    3   595.45
    0   611.09
    4   626.73
    0   642.38
    2   658.02
    3   673.66
    2   689.30
    2   704.95
    2   720.59

    1    74.23
    3    87.58
   10   100.93
   23   114.28
   17   127.64
   25   140.99
   36   154.34
   37   167.70
   42   181.05
   53   194.40
   52   207.75
   49   221.11
   55   234.46
   59   247.81
   64   261.16
   54   274.52
   45   287.87
   51   301.22
   50   314.58
   48   327.93
   32   341.28
   43   354.63
   55   367.99
   39   381.34
   34   394.69
   32   408.05
   36   421.40
   18   434.75
   19   448.10
   24   461.46
   16   474.81
   12   488.16
   11   501.51
   18   514.87
   12   528.22
    9   541.57
    6   554.93
    6   568.28
    2   581.63
    2   594.98

    5   108.69
    2   120.64
    4   132.60
    3   144.56
    8   156.51
    6   168.47
    5   180.43
    9   192.38
    6   204.34
    9   216.29
    3   228.25
    5   240.21
    8   252.16
    6   264.12
    9   276.08
    3   288.03
    3   299.99
    5   311.94
    4   323.90
    5   335.86
    1   347.81
    5   359.77
    6   371.73
    3   383.68
    4   395.64
    4   407.59
    1   419.55
    3   431.51
    2   443.46
    3   455.42
    1   467.38
    0   479.33
    0   491.29
    2   503.24
    0   515.20
    0   527.16
    0   539.11
    1   551.07
    1   563.03
    1   574.98

