  294    27.14
  469    78.99
  462   130.83
  465   182.67
  431   234.52
  396   286.36
  333   338.20
  324   390.05
  261   441.89
  234   493.74
  182   545.58
  164   597.42
  155   649.27
  109   701.11
  108   752.96
   82   804.80
   81   856.64
   56   908.49
   60   960.33
   48   1012.17
   33   1064.02
   39   1115.86
   25   1167.71
   23   1219.55
   26   1271.39
   19   1323.24
   15   1375.08
    5   1426.92
   17   1478.77
    4   1530.61
   12   1582.46
    6   1634.30
    5   1686.14
    4   1737.99
    4   1789.83
    2   1841.67
    1   1893.52
    3   1945.36
    3   1997.21
    0   2049.05
    2   2100.89
    2   2152.74
    0   2204.58
    1   2256.43
    0   2308.27
    0   2360.11
    0   2411.96
    0   2463.80
    0   2515.64
    1   2567.49

  114    23.67
  159    68.56
  157   113.45
  168   158.35
  142   203.24
  144   248.13
  130   293.03
  109   337.92
  105   382.81
   71   427.71
   81   472.60
   66   517.49
   59   562.39
   63   607.28
   51   652.17
   23   697.06
   41   741.96
   26   786.85
   22   831.74
   23   876.64
   14   921.53
   19   966.42
   11   1011.32
    7   1056.21
   12   1101.10
    9   1146.00
   11   1190.89
    5   1235.78
    7   1280.68
    5   1325.57
    7   1370.46
    0   1415.36
    3   1460.25
    5   1505.14
    0   1550.04
    1   1594.93
    3   1639.82
    1   1684.72
    0   1729.61
    1   1774.50
    3   1819.39
    1   1864.29
    0   1909.18
    0   1954.07
    2   1998.97
    0   2043.86
    2   2088.75
    0   2133.65
    1   2178.54
    1   2223.43

   70    10.49
  100    29.02
  145    47.55
  133    66.08
  165    84.62
  164   103.15
  136   121.68
  152   140.22
  182   158.75
  135   177.28
  147   195.81
  141   214.35
  129   232.88
  124   251.41
  128   269.95
  123   288.48
  101   307.01
  113   325.54
   90   344.08
   84   362.61
   93   381.14
  100   399.68
   72   418.21
   64   436.74
   80   455.27
   69   473.81
   68   492.34
   45   510.87
   45   529.40
   42   547.94
   42   566.47
   34   585.00
   39   603.54
   36   622.07
   22   640.60
   22   659.13
   27   677.67
   12   696.20
   20   714.73
   17   733.27
   10   751.80
    6   770.33
    4   788.86
    3   807.40
    5   825.93
    8   844.46
    5   863.00
    1   881.53
    2   900.06
    2   918.59

   20    23.44
   26    56.78
   35    90.12
   24   123.46
   28   156.80
   26   190.15
   16   223.49
   14   256.83
   16   290.17
   10   323.51
   11   356.85
   14   390.19
    8   423.53
    6   456.87
    7   490.21
    4   523.56
    3   556.90
    3   590.24
    1   623.58
    2   656.92

