 # Hard ZPE restriction,  Energy (cm-1), speed (m/s)
 #Water ZPE (DMC): 4713.0629051, HWW ZPE (DMC): 12528.93462455
 #E_given = DMC ZPE + 3550 =21233.1103893624.
 #Dvib = Evib - ZPE
 #D0 = E_given - Erot(W) - Erot(HWW) - Evib(W) + Evib(HWW) - E_COM,E_COM=0
 
       #Erot(W)     #Erot(HWW)       #Dvib(W)     #Dvib(HWW)             D0         #Speed
          62.61         137.53         153.49         204.46        2991.85         332.20
          26.30          10.02         127.59         242.28        3143.78         474.54
          50.86         101.53         216.62          53.25        3127.71         444.42
          74.88          81.23         377.14          80.00        2936.72         198.27
          31.66          40.67         156.71         296.10        3024.84         312.81
         370.86          66.69          10.98         147.51        2953.91         226.41
         207.09          15.02         203.25         141.57        2983.05         288.43
         209.73          10.46         161.52          82.23        3086.01         354.16
         234.79           0.53         124.05         165.16        3025.43         297.25
          78.53         230.55         222.34          64.53        2954.01         187.30
          40.04          28.84         257.02          25.23        3198.82         533.72
         182.12          13.98          61.72          54.96        3237.19         562.93
          52.47         235.19         137.26         127.74        2997.28         269.65
          99.32          85.15          48.01         212.45        3105.03         420.60
         146.06         107.87         313.96          16.67        2965.41         220.33
         226.23          74.45          42.06         106.30        3100.92         433.64
          65.56          57.21         158.54         198.97        3069.68         355.81
         109.40          25.43          57.92         144.91        3212.32         555.55
         288.86         137.32         112.76          40.42        2970.59         282.29
          38.75         108.97          27.02         432.84        2942.37         170.67
         309.78          14.58          27.02         152.22        3046.39         407.80
          85.58          60.69         379.11          31.48        2993.12         324.87
          86.74          39.51         142.90         201.55        3079.27         448.56
          84.67           0.41         317.75         166.90        2980.22         264.95
         183.10         130.89         102.33          74.53        3059.11         381.42
         208.79          41.07          88.83         125.25        3086.02         405.95
         190.84          73.58          81.04         153.75        3050.73         382.31
          75.95          49.32         434.46          39.18        2951.05         192.53
         102.29           0.16         136.30         200.54        3110.68         427.99
         179.74          82.97          57.24         235.84        2994.17         301.53
         187.38         159.45         213.10          64.77        2925.25         141.47
         179.27          10.38         197.43         100.82        3062.05         364.43
         177.78          26.62         126.15         158.98        3060.42         385.80
         221.57          17.98         148.69         152.18        3009.56         344.67
         100.15          46.47         128.88         266.69        3007.76         286.39
          78.15          57.00         192.19          88.03        3134.60         477.76
         128.46         133.71          18.99         311.91        2956.88         224.16
         166.70          46.37          41.26         256.94        3038.67         377.45
         183.90          44.46          80.75         223.93        3016.93         314.84
          67.53         345.50          55.57         106.80        2974.54         251.81
          84.96          49.45         186.94         275.93        2952.68         295.64
         453.85          53.15          41.29          44.55        2957.14         215.10
         254.76          39.55         186.35          45.09        3024.19         278.30
         266.02          64.48          34.30          70.89        3114.27         456.51
         101.04           2.63          87.60         103.95        3254.74         635.97
         116.03          82.45         248.47          74.19        3028.83         351.07
         337.64         110.42          32.00          45.79        3024.13         293.88
          64.22          54.70          70.06         389.90        2971.08         220.92
         167.36         210.61          28.61         165.12        2978.27         262.21
         135.75          83.81         170.41         182.69        2977.30         234.97
          62.18          37.89          31.03         147.79        3271.07         604.44
         179.26         177.31          14.57          81.87        3096.94         429.40
         142.67          18.80         115.01         189.27        3084.19         415.31
          40.76          39.85         203.43          94.23        3171.68         486.55
          90.93          34.01          80.03         325.70        3019.28         425.34
         149.37          98.15         104.53         269.38        2928.52         173.02
         238.10          53.08         118.16          58.93        3081.69         415.22
         120.69         180.92         182.91          30.31        3035.12         342.13
