      #Hard_ZPE      #Hard_ZPE      #Hard_ZPE
 #Erot(HCl)cm-1             #J    #Speed(m/s)
         593.23              7         151.72
         444.92              6         157.90
         127.12              3         434.09
          21.19              1         160.41
         593.23              7         303.06
         317.80              5         202.73
         317.80              5         253.70
         762.73              8         252.59
          63.56              2         396.76
         127.12              3         216.29
          63.56              2         197.95
         593.23              7         204.15
         317.80              5         430.75
         444.92              6         327.84
         127.12              3         234.42
         211.87              4         181.40
          21.19              1         123.61
         444.92              6         279.21
          21.19              1         176.78
         211.87              4         302.35
          21.19              1         225.45
          21.19              1         413.09
         317.80              5         326.91
          63.56              2         537.47
         444.92              6         215.10
         317.80              5         211.11
          21.19              1         168.57
           0.00              0         262.97
          21.19              1         275.36
         593.23              7         240.12
         444.92              6         240.30
         127.12              3         245.19
         317.80              5         251.55
         211.87              4         525.03
          63.56              2         421.33
         127.12              3         409.15
         317.80              5         187.66
          63.56              2         180.16
         444.92              6         129.72
         444.92              6         279.94
         127.12              3         237.53
         317.80              5         155.72
          63.56              2         289.06
          63.56              2         431.09
         211.87              4         199.45
         211.87              4         378.50
           0.00              0         370.19
         127.12              3         340.52
         127.12              3         231.52
         127.12              3         511.10
         953.41              9         105.81
         317.80              5         321.37
         593.23              7         344.67
         317.80              5         240.90
         127.12              3         166.20
         211.87              4         218.32
          63.56              2         168.30
         211.87              4         335.59
         317.80              5         273.00
         127.12              3         128.55
          21.19              1         481.59
         211.87              4         228.97
         127.12              3         516.90
         317.80              5         478.49
         211.87              4         192.07
         317.80              5         119.42
         317.80              5         195.09
         127.12              3         204.41
         593.23              7         224.54
         127.12              3         291.67
         127.12              3         272.44
          63.56              2         347.17
          21.19              1         243.35
          63.56              2         298.21
          21.19              1         376.02
          63.56              2         437.55
         127.12              3         426.49
         953.41              9         309.37
         211.87              4         323.11
         127.12              3         322.53
           0.00              0         144.26
         444.92              6         251.70
          63.56              2         357.50
         317.80              5         226.61
          21.19              1         544.92
         444.92              6         392.50
          21.19              1         489.14
         317.80              5         215.53
         211.87              4         237.22
         127.12              3         109.04
         127.12              3         236.40
         211.87              4         253.83
         317.80              5         291.38
          21.19              1         312.83
         317.80              5         283.26
         211.87              4         228.08
         127.12              3         222.66
         211.87              4         315.36
         317.80              5         328.98
         127.12              3         325.57
         593.23              7         313.70
          21.19              1         213.84
          21.19              1         400.69
           0.00              0         196.60
         317.80              5         294.32
         127.12              3         330.60
           0.00              0         409.34
         211.87              4         208.68
          21.19              1         274.18
         317.80              5         151.42
         317.80              5         393.43
          21.19              1         206.81
         762.73              8         257.31
         211.87              4         321.14
         593.23              7         396.87
         444.92              6         366.96
         444.92              6         102.64
          63.56              2         250.78
         211.87              4         191.37
         211.87              4         199.50
         317.80              5         158.73
          21.19              1         391.53
         444.92              6         470.03
         211.87              4         480.68
         127.12              3         327.99
         211.87              4         151.67
         127.12              3         292.63
         127.12              3         212.31
         211.87              4         521.54
         127.12              3         275.00
         317.80              5         215.76
         317.80              5         406.17
         211.87              4         495.60
         211.87              4         360.31
          63.56              2         284.20
         127.12              3         161.89
         317.80              5         296.46
          63.56              2         289.07
         211.87              4         115.90
         211.87              4         209.85
         127.12              3         301.13
         444.92              6         188.99
         127.12              3         447.95
         762.73              8         275.45
          21.19              1         471.13
         211.87              4         293.86
         444.92              6         186.88
          63.56              2         129.09
         127.12              3         161.20
         211.87              4         315.96
         127.12              3         371.96
         211.87              4         262.24
         211.87              4         309.41
          21.19              1         210.12
         211.87              4         244.72
         317.80              5         241.39
         211.87              4         218.90
          63.56              2         294.08
         211.87              4         218.63
         317.80              5         452.71
         317.80              5         161.99
         317.80              5          85.79
         127.12              3         207.81
          63.56              2         169.31
         211.87              4         267.02
         127.12              3         335.42
         211.87              4         346.23
          63.56              2         254.17
          21.19              1         145.18
         127.12              3         224.96
         127.12              3         464.03
          21.19              1         420.84
          21.19              1         407.31
         127.12              3         210.39
         444.92              6         171.13
         127.12              3         316.27
          21.19              1         279.18
         444.92              6         399.88
         211.87              4         345.51
         127.12              3         506.92
         127.12              3         313.72
         317.80              5         287.23
         127.12              3         198.74
         317.80              5         561.69
          63.56              2         238.82
          21.19              1         151.78
          63.56              2         226.07
         211.87              4         344.58
         211.87              4         261.82
         444.92              6         219.68
          63.56              2         288.72
         444.92              6         384.66
         444.92              6         388.51
         127.12              3         331.96
         317.80              5         188.22
         127.12              3         485.35
         593.23              7         240.20
         317.80              5         275.36
         127.12              3         392.73
         211.87              4         175.95
         211.87              4         161.60
         317.80              5         178.73
         211.87              4         176.75
         211.87              4         318.10
         211.87              4         332.77
         211.87              4         390.43
         127.12              3         524.28
         127.12              3         434.12
          63.56              2         465.92
         127.12              3         501.93
          63.56              2         457.53
          21.19              1         202.77
         127.12              3          92.91
         317.80              5         225.28
         127.12              3         206.80
         211.87              4         416.09
          63.56              2         238.65
         317.80              5         324.83
         211.87              4         214.10
          63.56              2         157.03
          21.19              1         239.80
          21.19              1         298.56
         444.92              6         224.17
          21.19              1         120.31
         317.80              5         291.43
          63.56              2         408.02
         127.12              3         222.99
         127.12              3         339.14
         127.12              3         505.30
         593.23              7         349.50
         211.87              4         159.43
          63.56              2         278.45
         444.92              6         293.99
         593.23              7         350.93
         317.80              5         198.79
          63.56              2         269.49
          63.56              2         179.29
          21.19              1         319.87
         444.92              6         257.81
          21.19              1         464.13
         211.87              4         141.62
          63.56              2         328.11
         593.23              7         264.76
          21.19              1         185.80
          21.19              1         414.59
         127.12              3         230.87
          21.19              1         241.85
           0.00              0         323.96
         127.12              3          78.00
         127.12              3         330.09
         762.73              8         150.80
          63.56              2         232.54
         127.12              3         177.08
          63.56              2         340.19
         127.12              3         458.62
         317.80              5         390.61
         211.87              4         486.48
         211.87              4         410.72
         593.23              7         261.59
         317.80              5         258.62
         127.12              3         203.11
          21.19              1         271.35
         211.87              4         385.98
         211.87              4         283.74
          21.19              1         405.56
         317.80              5         154.11
          21.19              1         464.01
         211.87              4         451.09
         211.87              4         307.03
          63.56              2         265.61
         317.80              5         211.71
         317.80              5         220.04
         127.12              3         184.14
         127.12              3         182.96
          63.56              2         322.19
         317.80              5         336.03
         593.23              7         204.37
         211.87              4         409.44
          21.19              1         349.86
         444.92              6         250.59
         127.12              3         300.43
         127.12              3         222.30
         593.23              7         135.23
         317.80              5         184.61
         127.12              3         235.94
         127.12              3         205.41
         317.80              5         374.57
          21.19              1         224.01
          21.19              1         217.86
         127.12              3         314.18
          63.56              2         328.38
          63.56              2         537.31
          63.56              2         489.16
         127.12              3         393.05
         317.80              5         232.42
         317.80              5         207.24
         211.87              4         131.50
         211.87              4         374.39
         211.87              4         513.33
          21.19              1         450.87
         211.87              4         214.96
         317.80              5         163.36
          63.56              2         319.11
         211.87              4         168.35
         127.12              3         189.15
          63.56              2         181.83
          63.56              2         393.31
         127.12              3         487.73
          63.56              2         213.06
          63.56              2         397.80
          63.56              2         300.88
         127.12              3         181.68
         127.12              3         432.29
         317.80              5         212.36
         127.12              3         328.96
         317.80              5         151.38
         127.12              3         486.35
         127.12              3         274.55
         317.80              5         181.97
         317.80              5         494.98
         211.87              4         310.28
         444.92              6         240.75
         127.12              3         501.93
          63.56              2         241.51
         317.80              5         215.95
         317.80              5         221.01
         593.23              7         121.89
         127.12              3         151.70
         127.12              3         251.40
         317.80              5         171.27
          21.19              1         345.26
           0.00              0         385.13
         211.87              4         405.41
         127.12              3          72.81
         317.80              5         189.85
         211.87              4         191.67
         317.80              5         108.60
          21.19              1         410.02
         317.80              5         253.16
         317.80              5         407.42
          63.56              2         223.27
         444.92              6         133.86
         127.12              3         165.70
         317.80              5         338.72
         127.12              3         396.27
          63.56              2         434.88
          63.56              2         266.95
         317.80              5         288.73
         444.92              6         162.07
          63.56              2         267.06
          21.19              1         471.69
         127.12              3         180.99
         317.80              5         137.45
         593.23              7          98.74
         211.87              4         354.02
          63.56              2         395.69
          21.19              1         445.38
         127.12              3         520.45
          63.56              2         518.46
         127.12              3         263.20
          21.19              1         408.40
          63.56              2         328.02
           0.00              0         205.34
          63.56              2         103.20
         127.12              3         294.10
         211.87              4         153.01
          63.56              2         371.67
          21.19              1         179.99
          63.56              2         217.10
          63.56              2         403.73
         127.12              3         253.92
          63.56              2         318.60
          63.56              2         259.70
         593.23              7         158.77
           0.00              0         177.19
         593.23              7         169.46
         317.80              5         472.00
          63.56              2         204.74
         127.12              3         204.90
          63.56              2         149.95
         127.12              3         402.56
         211.87              4         371.38
         211.87              4         211.67
          21.19              1         239.42
          21.19              1         298.30
         317.80              5         380.05
         211.87              4         313.38
          63.56              2         371.61
          21.19              1         397.73
          63.56              2         110.32
          63.56              2         423.17
         444.92              6         280.08
          63.56              2         390.02
         127.12              3         208.13
          63.56              2         352.80
         211.87              4         401.01
         211.87              4         361.09
          63.56              2         204.88
         762.73              8         187.98
         127.12              3         119.08
         127.12              3         412.49
         317.80              5         155.00
         211.87              4         144.14
          63.56              2         248.60
          63.56              2         356.00
          63.56              2         289.23
          21.19              1         137.28
         211.87              4         307.36
          21.19              1         346.36
         211.87              4         260.22
         317.80              5         199.77
         127.12              3         245.22
          63.56              2         235.77
         127.12              3         353.27
           0.00              0         146.42
         127.12              3         191.36
         127.12              3         393.53
           0.00              0         131.01
         444.92              6         166.25
         444.92              6         409.82
         211.87              4         180.18
         211.87              4         265.42
         211.87              4         142.78
         127.12              3         303.79
         127.12              3         350.40
         127.12              3         511.99
         317.80              5         333.48
          21.19              1         406.82
         593.23              7         176.23
          21.19              1         208.12
          21.19              1         300.97
         127.12              3         192.52
         444.92              6         460.40
          63.56              2         197.95
         127.12              3         475.36
         127.12              3         243.46
          63.56              2         467.84
         211.87              4         267.25
         127.12              3         469.27
         211.87              4         171.84
         211.87              4         174.84
         593.23              7         374.52
         593.23              7         113.48
         317.80              5         142.77
         127.12              3         314.65
         211.87              4          69.82
         211.87              4         227.10
         317.80              5         202.55
          21.19              1         234.89
          63.56              2         457.84
         593.23              7         336.60
          63.56              2         235.28
          63.56              2         232.90
         127.12              3         384.60
         211.87              4         252.92
          63.56              2         278.63
         127.12              3         134.26
         444.92              6         239.49
         762.73              8         380.87
          63.56              2         253.66
         444.92              6         236.76
         211.87              4         279.83
           0.00              0         394.89
          21.19              1         170.30
          21.19              1         467.76
         211.87              4         447.30
          63.56              2         371.25
         127.12              3         185.62
         211.87              4         100.71
         211.87              4         210.53
          63.56              2         329.06
         593.23              7         204.01
         211.87              4         212.44
          63.56              2         207.92
         127.12              3         249.69
         211.87              4         160.42
         211.87              4         361.37
          63.56              2         299.29
         127.12              3         380.39
         444.92              6         437.60
          21.19              1         322.34
          21.19              1         189.86
         127.12              3         392.07
         211.87              4         227.26
          63.56              2         124.11
          63.56              2         433.35
         211.87              4         166.54
         317.80              5         253.16
          21.19              1         282.90
         127.12              3         228.32
         444.92              6         142.69
         127.12              3         110.08
         444.92              6         187.86
         127.12              3         240.29
         211.87              4         302.42
         211.87              4         346.69
           0.00              0         523.65
         211.87              4         347.65
         317.80              5         161.38
         211.87              4         309.66
         593.23              7         288.56
         444.92              6         244.77
         444.92              6         411.43
         317.80              5         250.12
          21.19              1         395.80
          63.56              2         319.90
          63.56              2         156.51
         444.92              6         216.74
         211.87              4         155.19
         444.92              6         105.59
         211.87              4         196.47
         317.80              5         228.25
          63.56              2         201.22
          63.56              2          97.78
          63.56              2         345.40
         317.80              5         183.00
         317.80              5         180.51
          63.56              2         467.05
         211.87              4         285.16
           0.00              0         339.37
          21.19              1         186.93
         211.87              4         267.12
         211.87              4         497.46
         127.12              3         234.23
         127.12              3         135.46
         127.12              3         240.59
         593.23              7         169.80
         211.87              4         175.36
         211.87              4         284.03
         211.87              4         300.65
         211.87              4         310.03
          21.19              1         302.26
          21.19              1         137.36
         444.92              6         363.93
          21.19              1         316.65
         211.87              4         277.48
         127.12              3         478.06
         317.80              5         210.44
         317.80              5         252.29
         762.73              8         369.07
          21.19              1         427.54
         211.87              4         270.14
         444.92              6         106.15
          63.56              2         329.94
          63.56              2         317.88
         127.12              3         198.10
         211.87              4         448.29
         444.92              6         451.33
         444.92              6         261.88
         593.23              7         162.58
          21.19              1         454.18
         127.12              3         146.62
         317.80              5         174.08
         593.23              7         397.90
          63.56              2         419.68
         444.92              6         214.98
         127.12              3         360.92
          63.56              2         298.74
         211.87              4         303.25
         127.12              3         397.13
         211.87              4         238.30
         127.12              3         328.78
          63.56              2         265.77
         127.12              3         303.02
          63.56              2         261.15
         211.87              4         266.90
          63.56              2         165.47
          63.56              2         161.58
         127.12              3         186.31
           0.00              0         243.43
         317.80              5         261.10
         211.87              4         244.69
         317.80              5         190.46
         317.80              5         344.12
          21.19              1         191.77
          63.56              2         110.20
         211.87              4         207.13
         317.80              5         278.95
         762.73              8         185.54
           0.00              0         322.58
          21.19              1         203.31
         127.12              3         507.49
         127.12              3         516.80
         444.92              6         253.71
          63.56              2         153.99
          63.56              2         476.20
         127.12              3         436.81
         211.87              4         257.64
          63.56              2         290.28
         127.12              3         296.19
          63.56              2         485.11
          63.56              2         443.23
          63.56              2         229.24
         317.80              5         262.46
          21.19              1         263.21
          63.56              2         419.49
         444.92              6         357.77
         444.92              6         153.32
          63.56              2         204.43
          63.56              2         261.86
         127.12              3         283.66
         593.23              7         151.27
          21.19              1         311.42
         211.87              4         480.02
         317.80              5         240.87
         211.87              4         234.50
         593.23              7         402.78
         127.12              3         191.16
          63.56              2         199.05
          63.56              2         153.69
          63.56              2         135.85
         211.87              4         208.19
         317.80              5         402.84
         127.12              3         367.86
          21.19              1         566.38
           0.00              0         357.68
         211.87              4         362.24
         317.80              5         502.75
         211.87              4         355.01
         211.87              4         364.06
         444.92              6         301.34
         127.12              3         191.55
         317.80              5         372.99
         444.92              6         173.47
         127.12              3         214.00
         127.12              3         449.03
         127.12              3         443.88
         211.87              4         161.58
         317.80              5         142.48
         211.87              4         382.10
         211.87              4         195.75
         593.23              7         267.82
         127.12              3         255.29
         211.87              4         444.15
         127.12              3         392.47
         444.92              6         437.18
         593.23              7         167.77
        1165.28             10         190.32
         127.12              3         448.13
         127.12              3         264.40
         127.12              3         403.77
         211.87              4         179.90
         211.87              4         163.18
          21.19              1         210.18
         317.80              5         149.34
          21.19              1         159.43
          63.56              2         286.46
         127.12              3         271.86
         593.23              7         150.84
          63.56              2         230.71
         127.12              3         322.49
         211.87              4         436.55
         211.87              4         233.39
         127.12              3         214.42
         127.12              3         401.60
         317.80              5         253.07
         211.87              4         373.11
          63.56              2         491.21
         593.23              7         174.41
          63.56              2         225.11
          63.56              2         352.06
         211.87              4         305.65
         317.80              5         245.59
         127.12              3         242.67
         211.87              4         305.29
         317.80              5         444.00
         317.80              5         574.63
         317.80              5         226.38
          63.56              2         289.29
          63.56              2         345.87
         127.12              3         212.83
         211.87              4         200.45
         317.80              5         230.69
          21.19              1         346.11
         211.87              4         249.25
          63.56              2         200.48
         127.12              3         232.45
         211.87              4         302.26
          21.19              1         328.26
           0.00              0         235.33
         444.92              6         213.80
         211.87              4         129.87
         127.12              3         247.19
         127.12              3         622.06
           0.00              0         169.87
         317.80              5         454.82
          63.56              2         506.04
          63.56              2         392.51
         317.80              5         251.49
         127.12              3         153.13
         317.80              5         209.81
         444.92              6         354.69
         762.73              8         278.94
          21.19              1         323.46
         317.80              5         192.76
          63.56              2         408.48
         317.80              5         174.97
          63.56              2         301.41
         211.87              4         116.20
         444.92              6         256.49
         127.12              3         247.35
         211.87              4         209.10
         211.87              4         273.73
         127.12              3         376.76
         317.80              5         333.32
          63.56              2         260.84
         211.87              4         328.32
          21.19              1         356.43
          63.56              2         376.68
         127.12              3         228.03
          21.19              1         188.37
         317.80              5         246.48
         444.92              6         163.63
         127.12              3         344.41
         211.87              4         232.37
          63.56              2         264.03
           0.00              0         470.67
          21.19              1         237.31
          63.56              2         432.48
          63.56              2         481.66
         593.23              7         189.16
         127.12              3         279.69
         127.12              3         196.24
         593.23              7         357.99
         953.41              9         205.61
         444.92              6         153.67
         127.12              3         287.87
         211.87              4         293.50
          63.56              2         290.20
          63.56              2         525.67
          21.19              1         477.79
          21.19              1         353.81
          21.19              1         247.22
         593.23              7         296.34
         317.80              5         245.24
         593.23              7         284.72
         211.87              4         334.88
          63.56              2         296.55
          63.56              2         628.54
         317.80              5         346.06
         593.23              7         361.23
         127.12              3         108.52
          21.19              1         144.44
          21.19              1         424.63
         317.80              5         366.93
         211.87              4         282.64
         127.12              3         248.75
         127.12              3         170.58
         211.87              4         160.67
         317.80              5         381.72
         211.87              4         329.25
          63.56              2         130.33
         593.23              7         299.07
         593.23              7         210.53
         317.80              5         186.24
          63.56              2         289.57
         127.12              3         354.10
           0.00              0         187.89
         593.23              7         292.57
          63.56              2         138.24
          63.56              2         157.53
         444.92              6         273.30
         211.87              4         266.60
          21.19              1         196.42
           0.00              0         322.93
         127.12              3         209.63
         211.87              4         316.75
         127.12              3         280.35
         211.87              4         532.53
          21.19              1         384.36
          63.56              2         326.21
         317.80              5         238.21
         444.92              6         309.51
         762.73              8         192.86
          63.56              2         183.07
         211.87              4         152.80
         211.87              4         175.98
         444.92              6         148.91
         211.87              4         312.65
          21.19              1         366.81
         211.87              4         291.88
         593.23              7         419.61
         127.12              3         233.49
         762.73              8         282.08
         211.87              4         182.31
         317.80              5         136.91
         317.80              5         148.06
          21.19              1         260.28
         317.80              5         389.12
          21.19              1         226.60
          21.19              1         201.96
         317.80              5         193.88
          21.19              1         502.90
         317.80              5         282.81
          63.56              2         328.63
         127.12              3         222.24
          63.56              2         220.86
          21.19              1         248.86
          21.19              1         356.27
         317.80              5         198.57
         211.87              4         306.25
         127.12              3         131.38
          21.19              1         255.78
          21.19              1         403.93
          21.19              1         285.42
          63.56              2         197.31
         211.87              4         267.07
         444.92              6         180.79
         127.12              3         445.84
         444.92              6         197.03
         444.92              6         372.22
         211.87              4         417.26
         211.87              4         163.51
         317.80              5         268.35
          21.19              1         229.55
         593.23              7         193.68
          63.56              2         238.53
          63.56              2         244.71
         127.12              3         275.09
         127.12              3         362.32
         317.80              5         377.55
         444.92              6         369.48
         127.12              3         316.45
         317.80              5         261.01
         211.87              4         403.70
          63.56              2         323.27
         127.12              3         426.06
         317.80              5         281.20
          21.19              1         276.33
         317.80              5         202.82
          21.19              1         295.70
         127.12              3         200.01
         127.12              3         139.98
          21.19              1         296.94
         762.73              8         317.82
         317.80              5         205.07
         211.87              4         241.89
          21.19              1         339.22
          63.56              2         421.66
         211.87              4         233.39
         127.12              3         141.46
         211.87              4         139.17
         127.12              3         313.26
          21.19              1         130.12
         127.12              3         586.33
          21.19              1         185.69
         211.87              4         255.60
          63.56              2         217.40
          63.56              2         255.74
         127.12              3         323.37
         127.12              3         176.05
         211.87              4         260.61
          63.56              2         218.40
         127.12              3         282.07
         444.92              6         218.82
          21.19              1         123.12
         127.12              3         302.02
         211.87              4         283.52
         444.92              6         371.14
         211.87              4         187.73
         127.12              3         519.73
         211.87              4         253.69
         211.87              4         357.65
         211.87              4         279.47
         317.80              5         441.07
          63.56              2         205.25
         317.80              5         343.02
         762.73              8         299.56
          63.56              2         230.86
           0.00              0         288.13
         444.92              6         183.35
         127.12              3         262.09
         127.12              3         437.92
         317.80              5         321.54
         444.92              6         223.68
         127.12              3         342.07
         444.92              6         184.57
         444.92              6         261.63
         211.87              4         221.52
         317.80              5         404.37
         317.80              5         197.66
         127.12              3         317.55
         444.92              6         275.57
         444.92              6         435.71
         444.92              6         146.85
         127.12              3         144.96
         444.92              6         163.40
          63.56              2         137.87
         127.12              3         300.98
         127.12              3         180.74
         444.92              6         324.97
         211.87              4         506.82
         317.80              5         336.11
         211.87              4         302.38
          63.56              2         508.11
         317.80              5         449.90
         127.12              3         210.78
         444.92              6         134.34
         444.92              6         385.29
          21.19              1         354.07
          63.56              2         405.95
          21.19              1         402.76
         444.92              6         118.07
         127.12              3         250.87
         127.12              3         433.21
         444.92              6         264.36
         127.12              3         399.04
         444.92              6         298.28
         317.80              5         216.22
         211.87              4         319.98
           0.00              0         149.41
         127.12              3         399.55
         211.87              4         390.93
         211.87              4         431.19
         127.12              3         202.82
          63.56              2         193.95
         317.80              5         357.35
         211.87              4         205.12
         444.92              6         193.44
         317.80              5         166.21
         317.80              5         176.88
         211.87              4         175.27
         127.12              3         190.35
         593.23              7         103.69
         317.80              5         354.93
         211.87              4         223.07
         127.12              3         312.18
          21.19              1         271.21
          21.19              1         391.91
         211.87              4         276.93
         127.12              3         183.13
          21.19              1         260.03
         762.73              8         310.33
         593.23              7         272.93
         444.92              6         277.98
          21.19              1         459.90
         127.12              3         200.14
           0.00              0         206.04
         211.87              4         321.29
         127.12              3         345.92
         444.92              6         322.86
         317.80              5         209.91
         127.12              3         318.77
         211.87              4         519.19
         127.12              3         327.78
         127.12              3         183.03
         127.12              3         203.59
         127.12              3         250.06
          63.56              2         292.81
         317.80              5         142.22
         211.87              4         157.93
           0.00              0         237.93
         211.87              4         328.66
         127.12              3         265.09
         211.87              4         186.60
         444.92              6         206.89
         593.23              7         242.73
         317.80              5         270.18
         127.12              3         264.12
         127.12              3         396.62
         444.92              6         409.73
          63.56              2         219.91
         211.87              4         115.10
         211.87              4         316.91
         127.12              3         143.70
         211.87              4         182.74
          21.19              1         457.38
          21.19              1         369.40
         317.80              5         309.05
          63.56              2         105.34
         211.87              4         179.47
         127.12              3         127.67
          63.56              2         158.55
         317.80              5         177.56
          21.19              1         368.77
         444.92              6         269.23
          21.19              1         394.33
         211.87              4         313.79
          21.19              1         360.36
          21.19              1         156.77
         211.87              4         400.69
         127.12              3         336.01
         317.80              5         298.26
         211.87              4         370.40
         211.87              4         147.43
         593.23              7         326.80
          21.19              1         295.34
          21.19              1         488.48
         127.12              3         579.34
          63.56              2         105.47
         444.92              6         247.65
         127.12              3         396.27
         211.87              4         329.06
         444.92              6         174.84
         127.12              3         301.84
         127.12              3         225.64
         317.80              5         113.51
         127.12              3         194.30
         444.92              6         288.15
         317.80              5         271.15
          63.56              2         437.40
         593.23              7         320.21
         211.87              4         370.70
         211.87              4         181.53
         593.23              7         165.69
         593.23              7         265.80
         127.12              3         194.62
         953.41              9         276.16
         317.80              5         288.74
         127.12              3         109.79
         127.12              3         274.20
          63.56              2         264.46
         317.80              5         270.02
         211.87              4         151.37
          63.56              2         255.48
          21.19              1         325.68
         317.80              5         282.18
         953.41              9         278.81
          63.56              2         257.21
         211.87              4         171.44
         211.87              4         250.65
         444.92              6         155.44
         127.12              3         224.63
          21.19              1         145.43
          21.19              1         351.22
         211.87              4         501.10
         211.87              4         136.22
          63.56              2         224.78
         211.87              4         209.54
         317.80              5         248.25
          63.56              2         205.22
         211.87              4         418.94
          63.56              2         329.20
         317.80              5         535.79
         762.73              8         209.00
          63.56              2         195.75
         444.92              6         212.98
          21.19              1         150.40
         762.73              8         277.57
         211.87              4         354.47
         444.92              6         197.42
         444.92              6         280.02
          21.19              1         305.65
          63.56              2         224.51
         211.87              4         264.09
          63.56              2         404.50
         317.80              5         247.13
         127.12              3         399.56
          63.56              2         491.83
         762.73              8         110.72
          21.19              1         265.10
           0.00              0         165.79
          63.56              2         415.72
         127.12              3         163.22
         211.87              4         546.74
          21.19              1         268.62
          63.56              2         278.32
         211.87              4         105.38
         211.87              4         197.61
         127.12              3         495.88
          21.19              1          85.29
         127.12              3         286.10
          63.56              2         246.64
          21.19              1         421.21
         317.80              5         220.38
         211.87              4         288.96
         211.87              4         297.23
           0.00              0         336.75
           0.00              0         372.88
          63.56              2         123.18
         211.87              4         214.55
          21.19              1         382.28
         762.73              8         235.64
         127.12              3         508.68
         127.12              3         469.10
         444.92              6         263.84
         317.80              5         288.52
         593.23              7         209.64
         317.80              5         125.89
         211.87              4         332.43
         317.80              5         271.44
         127.12              3         526.14
         127.12              3         292.32
          63.56              2         119.08
          21.19              1         130.64
          21.19              1         465.93
          63.56              2         506.09
         317.80              5         313.31
         317.80              5         218.90
         211.87              4         267.43
         211.87              4         301.84
          21.19              1         242.12
         211.87              4         318.83
          21.19              1         297.23
         444.92              6         171.29
         127.12              3         356.92
         593.23              7         258.88
         317.80              5         346.34
         127.12              3         521.59
          63.56              2         142.42
         211.87              4         137.79
         127.12              3         218.10
         211.87              4         214.31
         127.12              3         374.35
         593.23              7         140.47
         444.92              6         204.05
          21.19              1         435.22
          21.19              1         276.36
         444.92              6         397.54
          21.19              1         335.00
          63.56              2         271.66
         127.12              3         268.17
         211.87              4         116.53
         444.92              6         446.25
         317.80              5         223.48
         127.12              3         296.77
         211.87              4         148.16
          21.19              1         191.50
         317.80              5         435.47
         127.12              3         249.25
         127.12              3         135.55
           0.00              0         395.19
         127.12              3         271.27
         127.12              3         390.18
         444.92              6         203.66
          63.56              2         118.15
         317.80              5         183.30
         317.80              5         347.66
          63.56              2         550.58
         127.12              3         172.46
         127.12              3         276.30
         211.87              4         177.74
          63.56              2         245.38
          21.19              1         304.35
          63.56              2         493.87
          21.19              1         562.56
         317.80              5         212.38
          21.19              1         292.40
         211.87              4         582.22
          63.56              2         159.32
         211.87              4         193.52
         211.87              4         294.77
         127.12              3         496.15
          21.19              1         457.15
         317.80              5         198.23
          21.19              1         152.72
          63.56              2         372.09
         593.23              7         462.88
          21.19              1         333.42
          21.19              1         237.68
         317.80              5         197.90
          21.19              1         306.29
         211.87              4         371.83
         444.92              6         271.59
          63.56              2         451.30
         317.80              5         276.58
         317.80              5         479.00
          63.56              2         396.75
         317.80              5         363.34
         211.87              4         223.41
          21.19              1         192.84
         444.92              6         346.88
          21.19              1         325.13
          63.56              2         358.62
         444.92              6         206.65
         127.12              3         333.24
         953.41              9         233.60
         317.80              5         227.38
         127.12              3         200.89
          21.19              1         535.79
           0.00              0         289.79
         127.12              3         184.33
          63.56              2         314.04
         593.23              7         165.16
          21.19              1         597.57
          63.56              2         221.22
         127.12              3         185.85
         444.92              6         325.33
         444.92              6         152.55
         127.12              3         189.68
         444.92              6         254.09
          63.56              2         394.55
         211.87              4         246.76
         127.12              3         418.42
          63.56              2         180.56
         953.41              9         166.43
         211.87              4         381.83
          21.19              1         170.71
         127.12              3         422.23
         127.12              3         317.72
         211.87              4         287.90
         317.80              5         116.83
         211.87              4         363.40
         593.23              7         106.77
         444.92              6         114.08
          63.56              2         329.26
         127.12              3         376.05
         317.80              5         334.87
         211.87              4         427.97
         317.80              5         357.70
         127.12              3         294.85
         211.87              4          93.57
          63.56              2         188.40
          63.56              2         308.99
         317.80              5         170.87
         127.12              3         213.95
         211.87              4         250.09
         127.12              3         382.05
         444.92              6         373.95
         593.23              7         465.79
           0.00              0         403.16
         127.12              3         341.44
         211.87              4         232.31
         211.87              4         229.71
          63.56              2         196.82
         317.80              5         302.68
          63.56              2         127.99
         317.80              5         358.81
          21.19              1         510.18
          21.19              1         176.42
          63.56              2         360.31
         211.87              4         151.01
          21.19              1         347.92
         127.12              3         427.55
          63.56              2         252.46
         211.87              4         133.68
         593.23              7         198.05
          63.56              2         187.36
         317.80              5         262.88
         593.23              7         465.11
         211.87              4         247.21
         444.92              6         330.08
           0.00              0         239.65
         444.92              6         294.56
           0.00              0         138.82
         593.23              7         206.39
         211.87              4         232.25
         127.12              3         329.28
          63.56              2         149.97
         762.73              8         231.70
         444.92              6         176.33
         211.87              4         320.03
         593.23              7         253.54
         127.12              3         474.04
          63.56              2         439.32
          21.19              1         277.58
         211.87              4         308.01
         127.12              3         195.14
         211.87              4         233.64
          21.19              1         336.78
         211.87              4         304.14
         211.87              4         161.14
          21.19              1         313.69
         127.12              3         212.03
         317.80              5         216.00
         211.87              4         128.79
         127.12              3         135.91
         211.87              4          82.28
         762.73              8         409.44
         444.92              6         221.20
          21.19              1         354.51
         317.80              5         330.63
          63.56              2         582.67
          63.56              2         333.23
         127.12              3         207.35
         317.80              5         429.44
         317.80              5         243.28
         211.87              4         157.00
          21.19              1         203.52
         953.41              9         262.68
         127.12              3         307.90
          63.56              2         267.77
         762.73              8         301.22
         127.12              3         282.09
         127.12              3         122.99
         317.80              5         211.10
          63.56              2         453.86
         127.12              3         284.53
         593.23              7         228.49
         211.87              4         240.73
          63.56              2         163.47
         127.12              3         111.79
         444.92              6         562.57
         127.12              3         474.20
          63.56              2         218.48
         211.87              4         230.44
         317.80              5         227.38
          21.19              1         322.94
          63.56              2         189.31
          21.19              1         348.90
          63.56              2         280.77
         211.87              4         165.38
         211.87              4         155.72
         211.87              4         605.31
         127.12              3         378.62
         127.12              3         393.48
          63.56              2         563.00
         317.80              5         482.61
         127.12              3         423.67
          21.19              1         511.34
         127.12              3         359.51
         593.23              7         405.49
          21.19              1         497.32
          63.56              2         344.89
         317.80              5         344.69
         317.80              5         119.02
          21.19              1         271.65
         317.80              5         258.45
         127.12              3         280.51
          21.19              1         283.19
          21.19              1         314.56
          63.56              2         391.33
         211.87              4         253.54
          63.56              2         226.91
          21.19              1         423.80
          63.56              2         275.40
          21.19              1         260.04
          63.56              2         148.25
         444.92              6         373.40
         593.23              7         167.76
         317.80              5         509.80
          21.19              1         260.34
         127.12              3         323.98
           0.00              0         340.95
          21.19              1         377.97
         953.41              9         165.80
          21.19              1         450.85
         593.23              7         370.20
         444.92              6         194.96
         211.87              4         337.86
          21.19              1         371.07
         317.80              5         314.65
         211.87              4         237.13
         593.23              7         222.39
         211.87              4         190.30
           0.00              0         307.71
         127.12              3         185.44
         211.87              4         190.41
         444.92              6         130.44
          21.19              1         206.37
          21.19              1         231.01
          21.19              1         618.49
          63.56              2         171.07
         211.87              4         267.40
         211.87              4         216.30
         211.87              4         333.51
          21.19              1         232.34
         127.12              3         384.78
         127.12              3         151.83
         444.92              6         229.65
         127.12              3         344.95
         127.12              3         190.01
         444.92              6         332.14
          63.56              2         165.76
         127.12              3         168.20
         317.80              5         135.16
         593.23              7         250.44
         211.87              4         111.45
         211.87              4         204.51
         127.12              3         325.46
          63.56              2         304.40
          63.56              2         187.22
         317.80              5         145.97
         444.92              6         310.59
         211.87              4         210.42
         444.92              6         119.56
         317.80              5         315.06
          21.19              1         351.78
         127.12              3         461.75
         211.87              4         483.64
         211.87              4         452.50
         127.12              3         183.13
         211.87              4         143.27
          21.19              1         351.96
          21.19              1         250.02
         317.80              5         208.92
         317.80              5         174.72
         317.80              5         164.45
         317.80              5         232.91
         762.73              8         128.55
         317.80              5         248.53
         593.23              7         476.57
         127.12              3         277.55
         127.12              3         254.32
          21.19              1         203.36
         444.92              6         155.10
         127.12              3         436.62
          21.19              1         310.22
         127.12              3         318.26
         127.12              3         296.05
         593.23              7         303.61
          63.56              2         221.16
          21.19              1         336.85
         444.92              6         330.01
         444.92              6         357.65
         211.87              4         305.17
          63.56              2         200.79
         211.87              4         263.22
          21.19              1         186.38
         127.12              3         308.88
          21.19              1         284.56
          63.56              2         419.87
         444.92              6         106.00
         127.12              3         394.17
          21.19              1         237.60
         211.87              4         111.18
         444.92              6         290.09
         127.12              3         257.00
         127.12              3         174.43
         211.87              4         314.22
          21.19              1         359.26
         127.12              3         469.11
         444.92              6         207.20
         211.87              4         211.99
         127.12              3         194.11
          21.19              1         255.02
         593.23              7         135.97
           0.00              0         239.89
         317.80              5         214.14
          21.19              1         570.93
          21.19              1         251.94
         444.92              6         346.89
         127.12              3         273.05
         211.87              4         421.76
         444.92              6         504.72
         127.12              3         336.28
         317.80              5         268.22
         211.87              4         397.75
          63.56              2         235.97
         444.92              6         361.22
         211.87              4         189.75
         127.12              3         189.28
          63.56              2         269.08
         317.80              5         254.55
         211.87              4         448.10
          21.19              1         433.83
          63.56              2         169.94
         317.80              5         484.21
         317.80              5         168.66
         211.87              4         239.37
         127.12              3         206.41
          21.19              1         349.11
          63.56              2         224.90
         444.92              6         335.27
         127.12              3         414.06
          21.19              1         243.44
          63.56              2         144.49
         211.87              4         134.42
          21.19              1         183.90
         317.80              5         409.78
          63.56              2         189.69
         127.12              3         386.53
         127.12              3         410.20
         211.87              4         454.29
          63.56              2         427.38
         317.80              5         315.70
          21.19              1         173.58
         211.87              4         263.83
         211.87              4         114.30
          21.19              1         166.91
          63.56              2         282.12
         762.73              8         271.75
         211.87              4         231.51
          21.19              1         381.62
         317.80              5         362.82
          63.56              2         255.48
         211.87              4         167.29
          21.19              1         305.45
         211.87              4         345.88
         127.12              3         290.66
          63.56              2         149.03
         593.23              7         463.59
         127.12              3         200.61
         317.80              5         214.73
         211.87              4         403.69
         211.87              4         391.43
         127.12              3         379.20
          63.56              2         216.55
         444.92              6         370.39
         444.92              6         224.64
          21.19              1         677.63
          63.56              2         325.14
         127.12              3         267.92
          21.19              1         170.80
         444.92              6         250.86
         211.87              4         449.49
         317.80              5         460.24
          21.19              1         131.89
          63.56              2         144.18
         127.12              3         352.69
         211.87              4         416.42
         444.92              6         315.88
         444.92              6         339.79
         211.87              4         266.37
         762.73              8         298.69
          21.19              1         106.11
         317.80              5         299.23
         317.80              5         254.75
          63.56              2         515.70
         127.12              3         137.54
          21.19              1         572.44
         211.87              4         408.11
         127.12              3         110.61
         211.87              4         256.46
         317.80              5         439.46
         762.73              8         283.06
         211.87              4         149.80
          63.56              2         168.61
          63.56              2         338.61
         211.87              4         219.44
           0.00              0         450.26
         211.87              4         370.29
          63.56              2         483.25
         317.80              5         272.35
         317.80              5         307.26
         444.92              6          74.13
         317.80              5         234.98
          21.19              1         251.28
         127.12              3         238.46
          63.56              2         168.34
         211.87              4         109.94
          63.56              2         365.86
         211.87              4         379.29
         762.73              8          49.74
         444.92              6         142.94
          63.56              2         414.42
         317.80              5         182.19
         211.87              4         294.11
          63.56              2         149.80
         317.80              5         321.96
          63.56              2         343.22
         127.12              3         168.14
         127.12              3         163.96
         211.87              4         178.96
          63.56              2         187.26
         211.87              4         228.86
         317.80              5         333.98
         317.80              5         463.95
         211.87              4         239.02
         317.80              5         284.81
          63.56              2         189.18
         444.92              6         268.58
         211.87              4         275.89
         211.87              4         174.21
         211.87              4         121.81
         127.12              3         349.25
          63.56              2         147.53
         317.80              5         250.31
         127.12              3         606.99
         444.92              6         400.53
         127.12              3         497.65
         444.92              6         427.47
         127.12              3         556.13
          63.56              2         339.98
          63.56              2         153.93
          63.56              2         241.68
          63.56              2         126.75
          21.19              1         310.85
         127.12              3         251.63
          21.19              1         261.02
          63.56              2         158.65
         317.80              5         245.14
          21.19              1         321.35
         317.80              5         285.59
          21.19              1         261.66
          63.56              2         388.03
          21.19              1         358.42
         317.80              5         275.08
          21.19              1         235.60
         317.80              5         297.57
          63.56              2         309.60
         127.12              3         202.31
          63.56              2         381.17
          63.56              2         360.23
         211.87              4         559.50
         127.12              3         216.77
          21.19              1         314.16
          63.56              2         537.60
         317.80              5         151.09
         317.80              5         205.30
          21.19              1         476.41
          63.56              2         224.70
         444.92              6         527.87
          21.19              1         206.75
         127.12              3         199.93
          21.19              1         191.92
          63.56              2         387.11
         444.92              6         220.32
         317.80              5         318.38
          63.56              2         387.62
         127.12              3         342.88
         127.12              3         172.20
         127.12              3         305.72
         127.12              3         345.67
         127.12              3         155.80
          21.19              1         366.33
         127.12              3         247.43
         211.87              4         261.77
          21.19              1         266.93
          63.56              2         303.20
         444.92              6         131.23
         127.12              3         155.53
         127.12              3         133.45
          63.56              2         406.17
          63.56              2         236.57
         127.12              3         228.74
         127.12              3         329.07
          63.56              2         213.55
        1165.28             10         165.81
          63.56              2         328.52
         317.80              5         209.04
         762.73              8         258.97
         317.80              5         448.72
         127.12              3         305.39
          63.56              2         301.94
          63.56              2         311.23
          21.19              1         225.21
         444.92              6         198.04
         127.12              3         208.46
         127.12              3         175.96
         593.23              7         235.65
          63.56              2         207.14
         211.87              4         442.96
         211.87              4         207.52
         211.87              4         304.94
          21.19              1         384.76
         317.80              5         164.66
          63.56              2         456.04
         127.12              3         290.96
         444.92              6         215.21
          21.19              1         352.36
          63.56              2         224.48
          63.56              2         325.74
         593.23              7         358.23
          21.19              1         233.87
         211.87              4         349.80
         211.87              4         500.53
         127.12              3         162.01
         127.12              3         465.63
         127.12              3         221.03
         762.73              8         211.43
         211.87              4         267.18
         211.87              4         353.79
         127.12              3         214.62
          21.19              1         447.42
         127.12              3         298.25
         593.23              7          96.44
         211.87              4         345.35
          63.56              2         249.53
           0.00              0         248.41
          21.19              1         144.76
         211.87              4         220.32
         211.87              4         262.24
         211.87              4         483.55
         593.23              7         245.76
         317.80              5         245.37
          21.19              1         302.94
          63.56              2         207.83
          63.56              2         326.67
          63.56              2         345.64
         317.80              5         259.97
          63.56              2         500.20
         211.87              4         274.45
         127.12              3         423.53
          63.56              2         143.43
         317.80              5         385.61
         211.87              4         430.04
          21.19              1         237.14
         444.92              6         276.78
         127.12              3         179.52
         211.87              4          52.40
          21.19              1         225.15
          21.19              1         410.39
          21.19              1         499.92
         317.80              5         228.82
         444.92              6         209.46
          63.56              2         212.87
          63.56              2         276.65
          63.56              2         217.19
         317.80              5         269.34
         127.12              3         349.71
         211.87              4         198.16
         593.23              7         371.52
         127.12              3         273.24
         127.12              3         156.94
         127.12              3         333.19
         211.87              4         179.53
         444.92              6         313.72
         444.92              6         500.10
         317.80              5         250.26
          63.56              2         383.28
          63.56              2         150.96
         211.87              4         165.41
         444.92              6         580.84
         127.12              3         290.68
          63.56              2         211.40
          63.56              2         407.25
          63.56              2         124.57
          21.19              1         138.02
         317.80              5         424.15
         317.80              5         255.37
         127.12              3         152.76
         444.92              6         309.12
         211.87              4         165.12
         317.80              5         253.26
          21.19              1         258.56
         127.12              3         367.59
         593.23              7         321.92
         211.87              4         145.64
         317.80              5         403.42
          21.19              1         182.16
         317.80              5         317.04
         317.80              5         308.25
          63.56              2         234.77
          21.19              1         353.35
         762.73              8         363.44
          63.56              2         397.06
         444.92              6         357.20
         127.12              3         359.75
         593.23              7         216.90
          63.56              2         144.28
         444.92              6         548.20
         762.73              8         118.27
          21.19              1         246.51
          63.56              2         310.69
         317.80              5          58.91
         211.87              4         271.09
          63.56              2         241.98
         127.12              3         448.20
         211.87              4         447.48
         444.92              6         419.83
          63.56              2         406.70
         317.80              5         289.22
         127.12              3         156.69
          21.19              1         346.81
         317.80              5         379.32
         317.80              5         421.53
          21.19              1         139.73
         317.80              5         364.79
         593.23              7         231.34
         317.80              5         212.28
         211.87              4         484.38
         317.80              5         361.65
         127.12              3         338.73
         127.12              3         204.59
          63.56              2         249.77
         444.92              6         216.72
         211.87              4         220.36
         127.12              3         387.97
         211.87              4         347.58
         444.92              6         104.12
         593.23              7         218.17
         211.87              4         328.47
         317.80              5         135.66
         211.87              4         140.22
          21.19              1         179.60
         317.80              5         299.73
         127.12              3         145.51
         317.80              5         183.05
         127.12              3         272.23
         127.12              3         414.82
         317.80              5         253.60
         593.23              7         289.39
         444.92              6         405.00
         444.92              6         321.47
         127.12              3         423.73
         317.80              5         210.91
          63.56              2         224.57
         317.80              5         362.84
         211.87              4         259.59
         444.92              6         399.57
         211.87              4         238.05
         211.87              4         363.30
         211.87              4         189.07
         444.92              6         300.08
         762.73              8         315.56
          63.56              2         295.59
         593.23              7         170.21
          21.19              1         128.35
         211.87              4         197.21
          63.56              2         306.84
         127.12              3         217.49
         127.12              3         268.07
         317.80              5         204.22
         127.12              3         191.18
         593.23              7         398.32
         211.87              4         436.01
         317.80              5         584.48
         127.12              3         213.38
         444.92              6         363.92
          21.19              1         311.44
         127.12              3         436.73
           0.00              0         387.49
          21.19              1         177.51
         444.92              6         406.12
         444.92              6         334.56
         127.12              3         150.26
         211.87              4         151.94
         444.92              6         458.24
         444.92              6         252.42
          63.56              2         412.26
         127.12              3         219.00
         317.80              5         165.18
         211.87              4         265.95
          63.56              2         309.89
          21.19              1         270.89
         127.12              3         252.09
         444.92              6         158.52
         211.87              4         316.64
         127.12              3         103.57
         211.87              4         237.59
         317.80              5         170.53
         127.12              3         281.79
         317.80              5         373.49
          63.56              2         388.25
         211.87              4         557.37
         444.92              6         137.20
         593.23              7         381.52
         127.12              3         196.79
           0.00              0         182.01
         317.80              5         264.33
         593.23              7         262.91
         127.12              3         279.23
         127.12              3         499.16
          21.19              1         310.97
         317.80              5         341.77
         127.12              3         343.11
         317.80              5         294.55
         317.80              5         247.97
         211.87              4         452.33
         211.87              4         271.63
         317.80              5         417.33
         127.12              3         399.72
         211.87              4         321.06
         762.73              8         181.47
          63.56              2         383.23
          21.19              1         345.61
         317.80              5         213.63
         211.87              4         424.54
         211.87              4         456.96
          21.19              1         260.88
         127.12              3         325.65
         444.92              6         188.81
         317.80              5         251.22
         211.87              4         103.12
         127.12              3         290.26
         762.73              8         196.63
         211.87              4         191.96
         444.92              6         298.58
         444.92              6         114.96
         444.92              6         171.44
         444.92              6         231.51
         127.12              3         320.18
          63.56              2         359.65
           0.00              0         328.12
         127.12              3         124.06
         211.87              4         284.88
         593.23              7         217.53
          21.19              1         430.15
         317.80              5         367.60
         211.87              4         236.26
          63.56              2         307.29
         444.92              6         154.10
           0.00              0         134.85
         444.92              6         378.60
          63.56              2         353.66
