   2.00000000000000        5245.90881951093     
   2.01000000000000        5019.76560662348     
   2.02000000000000        4801.45649518943     
   2.03000000000000        4590.77812514835     
   2.04000000000000        4387.52932630025     
   2.05000000000000        4191.51137581450     
   2.06000000000000        4002.52809797718     
   2.07000000000000        3820.38603704511     
   2.08000000000000        3644.89460218812     
   2.09000000000000        3475.86613827094     
   2.10000000000000        3313.11606493205     
   2.11000000000000        3156.46297382783     
   2.12000000000000        3005.72869202956     
   2.13000000000000        2860.73835582432     
   2.14000000000000        2721.32047758719     
   2.15000000000000        2587.30697805409     
   2.16000000000000        2458.53324688437     
   2.17000000000000        2334.83819350970     
   2.18000000000000        2216.06416658562     
   2.19000000000000        2102.05710354775     
   2.20000000000000        1992.66644385282     
   2.21000000000000        1887.74515425844     
   2.22000000000000        1787.14973605908     
   2.23000000000000        1690.74018730581     
   2.23999999999999        1598.37999250410     
   2.24999999999999        1509.93610318065     
   2.25999999999999        1425.27890239862     
   2.26999999999999        1344.28216645395     
   2.27999999999999        1266.82303901400     
   2.28999999999999        1192.78197009305     
   2.29999999999999        1122.04269225491     
   2.30999999999999        1054.49216194070     
   2.31999999999999        990.020503915985     
   2.32999999999999        928.520987748545     
   2.33999999999999        869.889914828986     
   2.34999999999999        814.026630402984     
   2.35999999999999        760.833417083411     
   2.36999999999999        710.215456388392     
   2.37999999999999        662.080769659433     
   2.38999999999999        616.340138602508     
   2.39999999999999        572.907085753676     
   2.40999999999999        531.697754522726     
   2.41999999999999        492.630902477404     
   2.42999999999999        455.627799250561     
   2.43999999999999        420.612200045794     
   2.44999999999999        387.510246903297     
   2.45999999999999        356.250446623732     
   2.46999999999999        326.763574190061     
   2.47999999999999        298.982636769841     
   2.48999999999999        272.842800045566     
   2.49999999999999        248.281354013141     
   2.50999999999999        225.237610735731     
   2.51999999999999        203.652888032819     
   2.52999999999999        183.470446337260     
   2.53999999999999        164.635412140748     
   2.54999999999999        147.094748675906     
   2.55999999999999        130.797187442595     
   2.56999999999999        115.693174635116     
   2.57999999999999        101.734837970690     
   2.58999999999999        88.8759163107981     
   2.59999999999999        77.0717204649676     
   2.60999999999999        66.2790854106856     
   2.61999999999999        56.4563281407501     
   2.62999999999999        47.5631931484026     
   2.63999999999999        39.5608017623214     
   2.64999999999999        32.4116379887213     
   2.65999999999999        26.0794716142854     
   2.66999999999999        20.5293396566241     
   2.67999999999999        15.7274922134035     
   2.68999999999999        11.6413803681977     
   2.69999999999999        8.23957937957539     
   2.70999999999998        5.49178204773725     
   2.71999999999998        3.36875182510448     
   2.72999999999998        1.84228356140624     
   2.73999999999998       0.885188887169229     
   2.74999999999998       0.471243892232732     
   2.75999999999998       0.575157019682550     
   2.76999999999998        1.17255995947287     
   2.77999999999998        2.23995503429561     
   2.78999999999998        3.75469669933627     
   2.79999999999998        5.69496915979706     
   2.80999999999998        8.03973957052393     
   2.81999999999998        10.7687566602725     
   2.82999999999998        13.8625065269921     
   2.83999999999998        17.3021986005569     
   2.84999999999998        21.0697339699885     
   2.85999999999998        25.1476962688902     
   2.86999999999998        29.5193069414192     
   2.87999999999998        34.1684272871180     
   2.88999999999998        39.0795189576252     
   2.89999999999998        44.2376360452416     
   2.90999999999998        49.6283967023030     
   2.91999999999998        55.2379761204897     
   2.92999999999998        61.0530723103349     
   2.93999999999998        67.0608995884821     
   2.94999999999998        73.2491714949986     
   2.95999999999998        79.6060764748756     
   2.96999999999998        86.1202664613746     
   2.97999999999998        92.7808467927545     
   2.98999999999998        99.5773475271877     
   2.99999999999998        106.499721070920     
   3.00999999999998        113.538329862851     
   3.01999999999998        120.683913628239     
   3.02999999999998        127.927599385516     
   3.03999999999998        135.260875527339     
   3.04999999999998        142.675579791660     
   3.05999999999998        150.163898534187     
   3.06999999999998        157.718337322912     
   3.07999999999998        165.331724180714     
   3.08999999999998        172.997193140295     
   3.09999999999998        180.708172139745     
   3.10999999999998        188.458374391064     
   3.11999999999998        196.241794763621     
   3.12999999999998        204.052689568431     
   3.13999999999998        211.885572873824     
   3.14999999999998        219.735208672989     
   3.15999999999998        227.596598206681     
   3.16999999999998        235.464977057324     
   3.17999999999997        243.335803498905     
   3.18999999999997        251.204749580834     
   3.19999999999997        259.067691840032     
   3.20999999999997        266.920716490539     
   3.21999999999997        274.760096474963     
   3.22999999999997        282.582291962364     
   3.23999999999997        290.383945108522     
   3.24999999999997        298.161867947980     
   3.25999999999997        305.913037172488     
   3.26999999999997        313.634603397869     
   3.27999999999997        321.323854614926     
   3.28999999999997        328.978242165406     
   3.29999999999997        336.595353804201     
   3.30999999999997        344.172917616679     
   3.31999999999997        351.708798045554     
   3.32999999999997        359.200980895192     
   3.33999999999997        366.647583363068     
   3.34999999999997        374.046836469716     
   3.35999999999997        381.397085850905     
   3.36999999999997        388.696789161011     
   3.37999999999997        395.944506871849     
   3.38999999999997        403.138904740766     
   3.39999999999997        410.278741158455     
   3.40999999999997        417.362874072885     
   3.41999999999997        424.390245260307     
   3.42999999999997        431.359885967218     
   3.43999999999997        438.270912098124     
   3.44999999999997        445.122511584387     
   3.45999999999997        451.913955307584     
   3.46999999999997        458.644588738010     
   3.47999999999997        465.313815144329     
   3.48999999999997        471.921121513857     
   3.49999999999997        478.466044227542     
   3.50999999999997        484.948193279626     
   3.51999999999997        491.367222233565     
   3.52999999999997        497.722854532243     
   3.53999999999997        504.014857956404     
   3.54999999999997        510.243059193269     
   3.55999999999997        516.407324229106     
   3.56999999999997        522.507573164473     
   3.57999999999997        528.543763603490     
   3.58999999999997        534.515902669056     
   3.59999999999997        540.424031540357     
   3.60999999999997        546.268232672905     
   3.61999999999997        552.048619912579     
   3.62999999999997        557.765348855369     
   3.63999999999997        563.418599952428     
   3.64999999999996        569.008588623768     
   3.65999999999996        574.535558651728     
   3.66999999999996        579.999783323558     
   3.67999999999996        585.401555829750     
   3.68999999999996        590.741199341522     
   3.69999999999996        596.019061100161     
   3.70999999999996        601.235504685287     
   3.71999999999996        606.390916301990     
   3.72999999999996        611.485704665430     
   3.73999999999996        616.520289993809     
   3.74999999999996        621.495117521333     
   3.75999999999996        626.410635736638     
   3.76999999999996        631.267322611237     
   3.77999999999996        636.065657170642     
   3.78999999999996        640.806134937973     
   3.79999999999996        645.489269297932     
   3.80999999999996        650.115570486016     
   3.81999999999996        654.685573295745     
   3.82999999999996        659.199807467179     
   3.83999999999996        663.658826330587     
   3.84999999999996        668.063173268705     
   3.85999999999996        672.413411748850     
   3.86999999999996        676.710100984655     
   3.87999999999996        680.953814710418     
   3.88999999999996        685.145121305769     
   3.89999999999996        689.284600059882     
   3.90999999999996        693.372831056996     
   3.91999999999996        697.410398330854     
   3.92999999999996        701.397883273347     
   3.93999999999996        705.335873546609     
   3.94999999999996        709.224956592988     
   3.95999999999996        713.065719123078     
   3.96999999999996        716.858747133070     
   3.97999999999996        720.604630778250     
   3.98999999999996        724.303957623172     
   3.99999999999996        727.957308796386     
   4.00999999999996        731.565274029558     
   4.01999999999996        735.128427962841     
   4.02999999999996        738.647356022333     
   4.03999999999996        742.122632806551     
   4.04999999999996        745.554833109601     
   4.05999999999996        748.944530376232     
   4.06999999999996        752.292289995927     
   4.07999999999996        755.598679914116     
   4.08999999999996        758.864256408263     
   4.09999999999996        762.089582539962     
   4.10999999999996        765.275203418435     
   4.11999999999995        768.421671859041     
   4.12999999999995        771.529532998296     
   4.13999999999995        774.599323269504     
   4.14999999999995        777.631572221672     
   4.15999999999995        780.626817241035     
   4.16999999999995        783.585580007854     
   4.17999999999995        786.508375345721     
   4.18999999999995        789.395721787109     
   4.19999999999995        792.248121283772     
   4.20999999999995        795.066080216256     
   4.21999999999995        797.850095087352     
   4.22999999999995        800.600654475099     
   4.23999999999995        803.318246355287     
   4.24999999999995        806.003348962765     
   4.25999999999995        808.656435783579     
   4.26999999999995        811.277973320898     
   4.27999999999995        813.868426917468     
   4.28999999999995        816.428245610359     
   4.29999999999995        818.957885562926     
   4.30999999999995        821.457787459775     
   4.31999999999995        823.928391507298     
   4.32999999999995        826.370126998015     
   4.33999999999995        828.783419323872     
   4.34999999999995        831.168691357223     
   4.35999999999995        833.526355041556     
   4.36999999999995        835.856815019751     
   4.37999999999995        838.160477810963     
   4.38999999999995        840.437736562501     
   4.39999999999995        842.688983203458     
   4.40999999999995        844.914600876924     
   4.41999999999995        847.114964706809     
   4.42999999999995        849.290453885916     
   4.43999999999995        851.441427946068     
   4.44999999999995        853.568252157845     
   4.45999999999995        855.671281872675     
   4.46999999999995        857.750864268274     
   4.47999999999995        859.807344974874     
   4.48999999999995        861.841060892346     
   4.49999999999995        863.852344604352     
   4.50999999999995        865.841525894543     
   4.51999999999995        867.808924348221     
   4.52999999999995        869.754857635018     
   4.53999999999995        871.679641103866     
   4.54999999999995        873.583573410510     
   4.55999999999995        875.466961827358     
   4.56999999999995        877.330098777135     
   4.57999999999995        879.173276189273     
   4.58999999999994        880.996782280896     
   4.59999999999994        882.800896063402     
   4.60999999999994        884.585892908425     
   4.61999999999994        886.352044255205     
   4.62999999999994        888.099619499269     
   4.63999999999994        889.828878919105     
   4.64999999999994        891.540081366950     
   4.65999999999994        893.233478097289     
   4.66999999999994        894.909318878623     
   4.67999999999994        896.567847326359     
   4.68999999999994        898.209302746868     
   4.69999999999994        899.833921424401     
   4.70999999999994        901.441935249628     
   4.71999999999994        903.033572229618     
   4.72999999999994        904.609053980804     
   4.73999999999994        906.168601951743     
   4.74999999999994        907.712428892819     
   4.75999999999994        909.240747669183     
   4.76999999999994        910.753766430784     
   4.77999999999994        912.251688279288     
   4.78999999999994        913.734717101709     
   4.79999999999994        915.203043869596     
   4.80999999999994        916.656864822905     
   4.81999999999994        918.096370092659     
   4.82999999999994        919.521748824135     
   4.83999999999994        920.933176106585     
   4.84999999999994        922.330839696633     
   4.85999999999994        923.714912485848     
   4.86999999999994        925.085569609013     
   4.87999999999994        926.442977650582     
   4.88999999999994        927.787309165303     
   4.89999999999994        929.118723583664     
   4.90999999999994        930.437386832144     
   4.91999999999994        931.743452600781     
   4.92999999999994        933.037079665360     
   4.93999999999994        934.318421322943     
   4.94999999999994        935.587624581220     
   4.95999999999994        936.844840694108     
   4.96999999999994        938.090210085527     
   4.97999999999994        939.323878796557     
   4.98999999999994        940.545987253044     
   4.99999999999994        941.756670355271     
   5.00999999999994        942.956064177769     
   5.01999999999994        944.144299789760     
   5.02999999999994        945.321511068196     
   5.03999999999994        946.487821518938     
   5.04999999999993        947.643361408558     
   5.05999999999993        948.788253983751     
   5.06999999999993        949.922613919407     
   5.07999999999993        951.046570800994     
   5.08999999999993        952.160234858322     
   5.09999999999993        953.263726386796     
   5.10999999999993        954.357155871159     
   5.11999999999993        955.440636670457     
   5.12999999999993        956.514275062076     
   5.13999999999993        957.578184239249     
   5.14999999999993        958.632465356201     
   5.15999999999993        959.677226612007     
   5.16999999999993        960.712568589770     
   5.17999999999993        961.738592979621     
   5.18999999999993        962.755400783834     
   5.19999999999993        963.763088255611     
   5.20999999999993        964.761748779943     
   5.21999999999993        965.751481241971     
   5.22999999999993        966.732377545128     
   5.23999999999993        967.704526504293     
   5.24999999999993        968.668024218000     
   5.25999999999993        969.622955337916     
   5.26999999999993        970.569407859368     
   5.27999999999993        971.507467919390     
   5.28999999999993        972.437221507926     
   5.29999999999993        973.358750866321     
   5.30999999999993        974.272137917547     
   5.31999999999993        975.177463369655     
   5.32999999999993        976.074810579160     
   5.33999999999993        976.964253171311     
   5.34999999999993        977.845875651146     
   5.35999999999993        978.719745717236     
   5.36999999999993        979.585943607629     
   5.37999999999993        980.444543021139     
   5.38999999999993        981.295615337447     
   5.39999999999993        982.139233704922     
   5.40999999999993        982.975471155554     
   5.41999999999993        983.804395617497     
   5.42999999999993        984.626075562353     
   5.43999999999993        985.440579126477     
   5.44999999999993        986.247978208997     
   5.45999999999993        987.048332252164     
   5.46999999999993        987.841709651328     
   5.47999999999993        988.628176767685     
   5.48999999999993        989.407794253272     
   5.49999999999993        990.180625067644     
   5.50999999999993        990.946736014986     
   5.51999999999992        991.706181636882     
   5.52999999999992        992.459028143842     
   5.53999999999992        993.205330731334     
   5.54999999999992        993.945149611517     
   5.55999999999992        994.678545977855     
   5.56999999999992        995.405574872309     
   5.57999999999992        996.126293179914     
   5.58999999999992        996.840755612760     
   5.59999999999992        997.549018821894     
   5.60999999999992        998.251139374489     
   5.61999999999992        998.947170311317     
   5.62999999999992        999.637164148872     
   5.63999999999992        1000.32117312540     
   5.64999999999992        1000.99925209375     
   5.65999999999992        1001.67145017638     
   5.66999999999992        1002.33782140840     
   5.67999999999992        1002.99841161744     
   5.68999999999992        1003.65327541186     
   5.69999999999992        1004.30246124300     
   5.70999999999992        1004.94601563021     
   5.71999999999992        1005.58399061187     
   5.72999999999992        1006.21642822040     
   5.73999999999992        1006.84338149453     
   5.74999999999992        1007.46489363979     
   5.75999999999992        1008.08101317166     
   5.76999999999992        1008.69178560371     
   5.77999999999992        1009.29725690998     
   5.78999999999992        1009.89746695278     
   5.79999999999992        1010.49246722656     
   5.80999999999992        1011.08229882249     
   5.81999999999992        1011.66700271082     
   5.82999999999992        1012.24662568315     
   5.83999999999992        1012.82120950220     
   5.84999999999992        1013.39079217781     
   5.85999999999992        1013.95542432232     
   5.86999999999992        1014.51513899644     
   5.87999999999992        1015.06998136439     
   5.88999999999992        1015.61999358032     
   5.89999999999992        1016.16521070726     
   5.90999999999992        1016.70567690592     
   5.91999999999992        1017.24142934961     
   5.92999999999992        1017.77250919368     
   5.93999999999992        1018.29895593468     
   5.94999999999992        1018.82080432047     
   5.95999999999992        1019.33809603665     
   5.96999999999992        1019.85086509556     
   5.97999999999992        1020.35915235992     
   5.98999999999991        1020.86299439549     
   5.99999999999991        1021.36242649437     
   6.00999999999991        1021.85748656429     
   6.01999999999991        1022.34821000678     
   6.02999999999991        1022.83463162040     
   6.03999999999991        1023.31678897872     
   6.04999999999991        1023.79471545252     
   6.05999999999991        1024.26844795455     
   6.06999999999991        1024.73801902854     
   6.07999999999991        1025.20346455702     
   6.08999999999991        1025.66481831488     
   6.09999999999991        1026.12211177719     
   6.10999999999991        1026.57538029576     
   6.11999999999991        1027.02465832262     
   6.12999999999991        1027.46997626339     
   6.13999999999991        1027.91136720341     
   6.14999999999991        1028.34886488242     
   6.15999999999991        1028.78250081186     
   6.16999999999991        1029.21230718136     
   6.17999999999991        1029.63831585210     
   6.18999999999991        1030.06055530478     
   6.19999999999991        1030.47905987392     
   6.20999999999991        1030.89385933786     
   6.21999999999991        1031.30498372310     
   6.22999999999991        1031.71246432092     
   6.23999999999991        1032.11632773263     
   6.24999999999991        1032.51661132846     
   6.25999999999991        1032.91333735921     
   6.26999999999991        1033.30653633083     
   6.27999999999991        1033.69624034101     
   6.28999999999991        1034.08248091753     
   6.29999999999991        1034.46527910345     
   6.30999999999991        1034.84466771430     
   6.31999999999991        1035.22067440950     
   6.32999999999991        1035.59332606835     
   6.33999999999991        1035.96265526443     
   6.34999999999991        1036.32868212119     
   6.35999999999991        1036.69144060610     
   6.36999999999991        1037.05095443806     
   6.37999999999991        1037.40725166241     
   6.38999999999991        1037.76035698310     
   6.39999999999991        1038.11030068654     
   6.40999999999991        1038.45710822817     
   6.41999999999991        1038.80080231902     
   6.42999999999991        1039.14141249741     
   6.43999999999991        1039.47896400233     
   6.44999999999991        1039.81347964967     
   6.45999999999990        1040.14498702534     
   6.46999999999990        1040.47351347383     
   6.47999999999990        1040.79908112107     
   6.48999999999990        1041.12171613743     
   6.49999999999990        1041.44143969703     
   6.50999999999990        1041.75828187497     
   6.51999999999990        1042.07226287960     
   6.52999999999990        1042.38340813895     
   6.53999999999990        1042.69173894903     
   6.54999999999990        1042.99728173908     
   6.55999999999990        1043.30006193315     
   6.56999999999990        1043.60009908932     
   6.57999999999990        1043.89741819148     
   6.58999999999990        1044.19204072917     
   6.59999999999990        1044.48399056203     
   6.60999999999990        1044.77329030479     
   6.61999999999990        1045.05996081911     
   6.62999999999990        1045.34402833851     
   6.63999999999990        1045.62551291240     
   6.64999999999990        1045.90443360206     
   6.65999999999990        1046.18081820414     
   6.66999999999990        1046.45468152906     
   6.67999999999990        1046.72605067884     
   6.68999999999990        1046.99494432303     
   6.69999999999990        1047.26138200672     
   6.70999999999990        1047.52538877021     
   6.71999999999990        1047.78698178232     
   6.72999999999990        1048.04618443554     
   6.73999999999990        1048.30301424122     
   6.74999999999990        1048.55749501370     
   6.75999999999990        1048.80964380322     
   6.76999999999990        1049.05948361333     
   6.77999999999990        1049.30703006117     
   6.78999999999990        1049.55230865630     
   6.79999999999990        1049.79533081468     
   6.80999999999990        1050.03612535245     
   6.81999999999990        1050.27470713207     
   6.82999999999990        1050.51109405459     
   6.83999999999990        1050.74530512804     
   6.84999999999990        1050.97736221617     
   6.85999999999990        1051.20728066249     
   6.86999999999990        1051.43507987955     
   6.87999999999990        1051.66078084225     
   6.88999999999990        1051.88439923068     
   6.89999999999990        1052.10595282536     
   6.90999999999990        1052.32546003612     
   6.91999999999990        1052.54294005165     
   6.92999999999989        1052.75841147471     
   6.93999999999989        1052.97188699540     
   6.94999999999989        1053.18338646828     
   6.95999999999989        1053.39293012301     
   6.96999999999989        1053.60053326878     
   6.97999999999989        1053.80620792985     
   6.98999999999989        1054.00998064536     
   6.99999999999989        1054.21185961348     
   7.00999999999989        1054.41186530733     
   7.01999999999989        1054.61001362080     
   7.02999999999989        1054.80632130996     
   7.03999999999989        1055.00080303887     
   7.04999999999989        1055.19347658295     
   7.05999999999989        1055.38435781139     
   7.06999999999989        1055.57346198259     
   7.07999999999989        1055.76080552487     
   7.08999999999989        1055.94640146215     
   7.09999999999989        1056.13026869521     
   7.10999999999989        1056.31241996745     
   7.11999999999989        1056.49287259823     
   7.12999999999989        1056.67164004238     
   7.13999999999989        1056.84873745562     
   7.14999999999989        1057.02418111410     
   7.15999999999989        1057.19798393981     
   7.16999999999989        1057.37016186272     
   7.17999999999989        1057.54072808153     
   7.18999999999989        1057.70969753894     
   7.19999999999989        1057.87708557364     
   7.20999999999989        1058.04290452157     
   7.21999999999989        1058.20716849325     
   7.22999999999989        1058.36989315033     
   7.23999999999989        1058.53109168666     
   7.24999999999989        1058.69077726218     
   7.25999999999989        1058.84896262871     
   7.26999999999989        1059.00566506481     
   7.27999999999989        1059.16089154397     
   7.28999999999989        1059.31466105088     
   7.29999999999989        1059.46698460913     
   7.30999999999989        1059.61787378993     
   7.31999999999989        1059.76734490588     
   7.32999999999989        1059.91540702206     
   7.33999999999989        1060.06207451382     
   7.34999999999989        1060.20735911683     
   7.35999999999989        1060.35127561702     
   7.36999999999989        1060.49383558806     
   7.37999999999989        1060.63505088698     
   7.38999999999989        1060.77493258090     
   7.39999999999988        1060.91349429226     
   7.40999999999988        1061.05074817937     
   7.41999999999988        1061.18670368737     
   7.42999999999988        1061.32137533901     
   7.43999999999988        1061.45477210436     
   7.44999999999988        1061.58690946911     
   7.45999999999988        1061.71779559074     
   7.46999999999988        1061.84744345889     
   7.47999999999988        1061.97586272326     
   7.48999999999988        1062.10306871909     
   7.49999999999988        1062.22906842546     
   7.50999999999988        1062.35387455087     
   7.51999999999988        1062.47749469144     
   7.52999999999988        1062.59994462134     
   7.53999999999988        1062.72123220325     
   7.54999999999988        1062.84136880849     
   7.55999999999988        1062.96036655048     
   7.56999999999988        1063.07823290866     
   7.57999999999988        1063.19497988464     
   7.58999999999988        1063.31061672622     
   7.59999999999988        1063.42515691811     
   7.60999999999988        1063.53860639341     
   7.61999999999988        1063.65097617981     
   7.62999999999988        1063.76227880287     
   7.63999999999988        1063.87252278368     
   7.64999999999988        1063.98171409746     
   7.65999999999988        1064.08986825817     
   7.66999999999988        1064.19699173763     
   7.67999999999988        1064.30309582100     
   7.68999999999988        1064.40818787510     
   7.69999999999988        1064.51227739928     
   7.70999999999988        1064.61537317243     
   7.71999999999988        1064.71748918930     
   7.72999999999988        1064.81862976764     
   7.73999999999988        1064.91880432466     
   7.74999999999988        1065.01802152801     
   7.75999999999988        1065.11629345473     
   7.76999999999988        1065.21362549594     
   7.77999999999988        1065.31002836621     
   7.78999999999988        1065.40551160515     
   7.79999999999988        1065.50007951064     
   7.80999999999988        1065.59374488616     
   7.81999999999988        1065.68651440606     
   7.82999999999988        1065.77839543738     
   7.83999999999988        1065.86939840893     
   7.84999999999988        1065.95953055076     
   7.85999999999988        1066.04879998736     
   7.86999999999987        1066.13721443603     
   7.87999999999987        1066.22478246725     
   7.88999999999987        1066.31151080245     
   7.89999999999987        1066.39740937459     
   7.90999999999987        1066.48248260189     
   7.91999999999987        1066.56674266182     
   7.92999999999987        1066.65019500496     
   7.93999999999987        1066.73284456183     
   7.94999999999987        1066.81470319129     
   7.95999999999987        1066.89577680287     
   7.96999999999987        1066.97607066425     
   7.97999999999987        1067.05559573290     
   7.98999999999987        1067.13435675845     
   7.99999999999987        1067.21236076472     
   8.00999999999987        1067.28961750327     
   8.01999999999987        1067.36612904854     
   8.02999999999987        1067.44190756013     
   8.03999999999987        1067.51695791146     
   8.04999999999987        1067.59128616787     
   8.05999999999987        1067.66490008072     
   8.06999999999987        1067.73780818416     
   8.07999999999987        1067.81001130686     
   8.08999999999987        1067.88152242954     
   8.09999999999987        1067.95234541832     
   8.10999999999987        1068.02248740053     
   8.11999999999987        1068.09195217434     
   8.12999999999987        1068.16074987649     
   8.13999999999987        1068.22888511414     
   8.14999999999987        1068.29636443187     
   8.15999999999987        1068.36319314069     
   8.16999999999987        1068.42937746483     
   8.17999999999987        1068.49492448261     
   8.18999999999987        1068.55984090291     
   8.19999999999987        1068.62413176880     
   8.20999999999987        1068.68780055390     
   8.21999999999987        1068.75085834119     
   8.22999999999987        1068.81330665325     
   8.23999999999987        1068.87515251983     
   8.24999999999987        1068.93640208712     
   8.25999999999987        1068.99706141345     
   8.26999999999987        1069.05713765731     
   8.27999999999987        1069.11663071709     
   8.28999999999987        1069.17555056196     
   8.29999999999987        1069.23390136002     
   8.30999999999987        1069.29168848826     
   8.31999999999987        1069.34892043273     
   8.32999999999987        1069.40559585272     
   8.33999999999986        1069.46172769644     
   8.34999999999986        1069.51731342421     
   8.35999999999986        1069.57236455514     
   8.36999999999986        1069.62688181330     
   8.37999999999986        1069.68087448779     
   8.38999999999986        1069.73434645804     
   8.39999999999986        1069.78729909000     
   8.40999999999986        1069.83974009664     
   8.41999999999986        1069.89167579181     
   8.42999999999986        1069.94310735495     
   8.43999999999986        1069.99404162843     
   8.44999999999986        1070.04448312745     
   8.45999999999986        1070.09443872896     
   8.46999999999986        1070.14390928653     
   8.47999999999986        1070.19290150533     
   8.48999999999986        1070.24141935743     
   8.49999999999986        1070.28946877081     
   8.50999999999986        1070.33705094143     
   8.51999999999986        1070.38417430782     
   8.52999999999986        1070.43084227377     
   8.53999999999986        1070.47705749868     
   8.54999999999986        1070.52282479047     
   8.55999999999986        1070.56814920759     
   8.56999999999986        1070.61303456146     
   8.57999999999986        1070.65748500873     
   8.58999999999986        1070.70150566196     
   8.59999999999986        1070.74509797190     
   8.60999999999986        1070.78827022883     
   8.61999999999986        1070.83102338634     
   8.62999999999986        1070.87336152775     
   8.63999999999986        1070.91529107465     
   8.64999999999986        1070.95681280398     
   8.65999999999986        1070.99793221441     
   8.66999999999986        1071.03865435871     
   8.67999999999986        1071.07897972181     
   8.68999999999986        1071.11891432293     
   8.69999999999986        1071.15846301531     
   8.70999999999986        1071.19762720214     
   8.71999999999986        1071.23641150210     
   8.72999999999986        1071.27482067281     
   8.73999999999986        1071.31285681345     
   8.74999999999986        1071.35052404588     
   8.75999999999986        1071.38782552787     
   8.76999999999986        1071.42476473935     
   8.77999999999986        1071.46134629513     
   8.78999999999986        1071.49757244037     
   8.79999999999986        1071.53344654618     
   8.80999999999985        1071.56897340761     
   8.81999999999985        1071.60415634945     
   8.82999999999985        1071.63899453019     
   8.83999999999985        1071.67349721378     
   8.84999999999985        1071.70766450660     
   8.85999999999985        1071.74149963285     
   8.86999999999985        1071.77500633886     
   8.87999999999985        1071.80818879318     
   8.88999999999985        1071.84104899059     
   8.89999999999985        1071.87358784958     
   8.90999999999985        1071.90581299672     
   8.91999999999985        1071.93772549185     
   8.92999999999985        1071.96932651478     
   8.93999999999985        1072.00062085762     
   8.94999999999985        1072.03161163506     
   8.95999999999985        1072.06230277859     
   8.96999999999985        1072.09269274758     
   8.97999999999985        1072.12278880508     
   8.98999999999985        1072.15259363828     
   8.99999999999985        1072.18210805248     
   9.00999999999985        1072.21133536797     
   9.01999999999985        1072.24027931901     
   9.02999999999985        1072.26894215851     
   9.03999999999985        1072.29732455753     
   9.04999999999985        1072.32543179318     
   9.05999999999985        1072.35326805786     
   9.06999999999985        1072.38083087474     
   9.07999999999985        1072.40812755507     
   9.08999999999985        1072.43515904636     
   9.09999999999985        1072.46192760179     
   9.10999999999985        1072.48843537342     
   9.11999999999985        1072.51468525439     
   9.12999999999985        1072.54068031968     
   9.13999999999985        1072.56642307017     
   9.14999999999985        1072.59191573166     
   9.15999999999985        1072.61716111449     
   9.16999999999985        1072.64215836426     
   9.17999999999985        1072.66691421836     
   9.18999999999985        1072.69142873710     
   9.19999999999985        1072.71570708269     
   9.20999999999985        1072.73974704010     
   9.21999999999985        1072.76355349101     
   9.22999999999985        1072.78712992913     
   9.23999999999985        1072.81047586515     
   9.24999999999985        1072.83359441248     
   9.25999999999985        1072.85648769637     
   9.26999999999985        1072.87916004311     
   9.27999999999984        1072.90161199016     
   9.28999999999984        1072.92384430101     
   9.29999999999984        1072.94586052108     
   9.30999999999984        1072.96766411538     
   9.31999999999984        1072.98925336408     
   9.32999999999984        1073.01063314162     
   9.33999999999984        1073.03180543462     
   9.34999999999984        1073.05277233832     
   9.35999999999984        1073.07353525859     
   9.36999999999984        1073.09409629845     
   9.37999999999984        1073.11445517952     
   9.38999999999984        1073.13461841209     
   9.39999999999984        1073.15458493595     
   9.40999999999984        1073.17435537977     
   9.41999999999984        1073.19393528423     
   9.42999999999984        1073.21332489257     
   9.43999999999984        1073.23252376119     
   9.44999999999984        1073.25153914074     
   9.45999999999984        1073.27036680384     
   9.46999999999984        1073.28901211182     
   9.47999999999984        1073.30747743805     
   9.48999999999984        1073.32576076511     
   9.49999999999984        1073.34386757274     
   9.50999999999984        1073.36179685341     
   9.51999999999984        1073.37955429222     
   9.52999999999984        1073.39713749485     
   9.53999999999984        1073.41454946266     
   9.54999999999984        1073.43179150320     
   9.55999999999984        1073.44886583166     
   9.56999999999984        1073.46577484118     
   9.57999999999984        1073.48251837640     
   9.58999999999984        1073.49910085526     
   9.59999999999984        1073.51552029074     
   9.60999999999984        1073.53178073067     
   9.61999999999984        1073.54788130761     
   9.62999999999984        1073.56382755185     
   9.63999999999984        1073.57961771469     
   9.64999999999984        1073.59525304230     
   9.65999999999984        1073.61073617844     
   9.66999999999984        1073.62607027061     
   9.67999999999984        1073.64125528397     
   9.68999999999984        1073.65629327245     
   9.69999999999984        1073.67118150673     
   9.70999999999984        1073.68592843939     
   9.71999999999984        1073.70052795119     
   9.72999999999984        1073.71499059645     
   9.73999999999984        1073.72930786816     
   9.74999999999983        1073.74348683157     
   9.75999999999983        1073.75752986597     
   9.76999999999983        1073.77143495845     
   9.77999999999983        1073.78520338892     
   9.78999999999983        1073.79883985146     
   9.79999999999983        1073.81234272841     
   9.80999999999983        1073.82571491160     
   9.81999999999983        1073.83895679358     
   9.82999999999983        1073.85207029182     
   9.83999999999983        1073.86505458215     
   9.84999999999983        1073.87791376312     
   9.85999999999983        1073.89064675568     
   9.86999999999983        1073.90325694980     
   9.87999999999983        1073.91574386273     
   9.88999999999983        1073.92811039676     
   9.89999999999983        1073.94035586381     
   9.90999999999983        1073.95248030075     
   9.91999999999983        1073.96448957502     
   9.92999999999983        1073.97638074204     
   9.93999999999983        1073.98815591236     
   9.94999999999983        1073.99981660222     
   9.95999999999983        1074.01136332961     
   9.96999999999983        1074.02280002736     
   9.97999999999983        1074.03412382606     
   9.98999999999983        1074.04533832977     
   10.0099999999998        1052.77449473566     
   10.0199999999998        1052.78463437028     
   10.0299999999998        1052.79467201058     
   10.0399999999998        1052.80461268467     
   10.0499999999998        1052.81445652858     
   10.0599999999998        1052.82420417871     
   10.0699999999998        1052.83385657230     
   10.0799999999998        1052.84341534643     
   10.0899999999998        1052.85287894277     
   10.0999999999998        1052.86225300235     
   10.1099999999998        1052.87153346802     
   10.1199999999998        1052.88072418072     
   10.1299999999998        1052.88982508384     
   10.1399999999998        1052.89883852999     
   10.1499999999998        1052.90776365703     
   10.1599999999998        1052.91659952909     
   10.1699999999998        1052.92535017680     
   10.1799999999998        1052.93401506800     
   10.1899999999998        1052.94259753329     
   10.1999999999998        1052.95109414300     
   10.2099999999998        1052.95950914169     
   10.2199999999998        1052.96784198644     
   10.2299999999998        1052.97609203542     
   10.2399999999998        1052.98426333859     
   10.2499999999998        1052.99235425787     
   10.2599999999998        1053.00036625004     
   10.2699999999998        1053.00829917273     
   10.2799999999998        1053.01615658980     
   10.2899999999998        1053.02393655766     
   10.2999999999998        1053.03164123827     
   10.3099999999998        1053.03926720197     
   10.3199999999998        1053.04682259433     
   10.3299999999998        1053.05430379479     
   10.3399999999998        1053.06171136669     
   10.3499999999998        1053.06904706626     
   10.3599999999998        1053.07631166300     
   10.3699999999998        1053.08350353357     
   10.3799999999998        1053.09062583402     
   10.3899999999998        1053.09768112788     
   10.3999999999998        1053.10466519960     
   10.4099999999998        1053.11158081448     
   10.4199999999998        1053.11842993399     
   10.4299999999998        1053.12521373059     
   10.4399999999998        1053.13192718687     
   10.4499999999998        1053.13857885908     
   10.4599999999998        1053.14516552723     
   10.4699999999998        1053.15168896190     
   10.4799999999998        1053.15814434429     
   10.4899999999998        1053.16454033913     
   10.4999999999998        1053.17087192863     
   10.5099999999998        1053.17714418237     
   10.5199999999998        1053.18335427435     
   10.5299999999998        1053.18950248862     
   10.5399999999998        1053.19559349408     
   10.5499999999998        1053.20162247149     
   10.5599999999998        1053.20759379999     
   10.5699999999998        1053.21350854985     
   10.5799999999998        1053.21936171269     
   10.5899999999998        1053.22515925676     
   10.5999999999998        1053.23090276066     
   10.6099999999998        1053.23659000699     
   10.6199999999998        1053.24221748386     
   10.6299999999998        1053.24779365873     
   10.6399999999998        1053.25331552042     
   10.6499999999998        1053.25878394308     
   10.6599999999998        1053.26419592163     
   10.6699999999998        1053.26955962121     
   10.6799999999998        1053.27486923644     
   10.6899999999998        1053.28012485104     
   10.6999999999998        1053.28533233742     
   10.7099999999998        1053.29048659012     
   10.7199999999998        1053.29559238452     
   10.7299999999998        1053.30065030449     
   10.7399999999998        1053.30565604386     
   10.7499999999998        1053.31061078711     
   10.7599999999998        1053.31552200322     
   10.7699999999998        1053.32038279186     
   10.7799999999998        1053.32519523794     
   10.7899999999998        1053.32996211843     
   10.7999999999998        1053.33468412543     
   10.8099999999998        1053.33935954961     
   10.8199999999998        1053.34398956664     
   10.8299999999998        1053.34857347550     
   10.8399999999998        1053.35311166093     
   10.8499999999998        1053.35760670673     
   10.8599999999998        1053.36205919701     
   10.8699999999998        1053.36646702660     
   10.8799999999998        1053.37083208223     
   10.8899999999998        1053.37515584670     
   10.8999999999998        1053.37943521893     
   10.9099999999998        1053.38367467884     
   10.9199999999998        1053.38787232004     
   10.9299999999998        1053.39202893107     
   10.9399999999998        1053.39614609899     
   10.9499999999998        1053.40022221764     
   10.9599999999998        1053.40425777669     
   10.9699999999998        1053.40825556155     
   10.9799999999998        1053.41221576295     
   10.9899999999998        1053.41613428010     
   10.9999999999998        1053.42001679333     
   11.0099999999998        1053.42385950170     
   11.0199999999998        1053.42766618950     
   11.0299999999998        1053.43143575095     
   11.0399999999998        1053.43516867709     
   11.0499999999998        1053.43886495809     
   11.0599999999998        1053.44252538807     
   11.0699999999998        1053.44614946146     
   11.0799999999998        1053.44974056351     
   11.0899999999998        1053.45329479138     
   11.0999999999998        1053.45681483495     
   11.1099999999998        1053.46030208470     
   11.1199999999998        1053.46375184301     
   11.1299999999998        1053.46717198801     
   11.1399999999998        1053.47055642505     
   11.1499999999998        1053.47390804222     
   11.1599999999998        1053.47722832728     
   11.1699999999998        1053.48051558683     
   11.1799999999998        1053.48377010500     
   11.1899999999998        1053.48699546895     
   11.1999999999998        1053.49018618992     
   11.2099999999998        1053.49334744907     
   11.2199999999998        1053.49647714812     
   11.2299999999998        1053.49957807006     
   11.2399999999998        1053.50264791714     
   11.2499999999998        1053.50568778214     
   11.2599999999998        1053.50869885759     
   11.2699999999998        1053.51167934210     
   11.2799999999998        1053.51463222499     
   11.2899999999998        1053.51755700238     
   11.2999999999998        1053.52045147395     
   11.3099999999998        1053.52331793057     
   11.3199999999998        1053.52615646555     
   11.3299999999998        1053.52896837833     
   11.3399999999998        1053.53175186167     
   11.3499999999998        1053.53450880984     
   11.3599999999998        1053.53724021667     
   11.3699999999998        1053.53994318381     
   11.3799999999998        1053.54262140007     
   11.3899999999998        1053.54527126855     
   11.3999999999998        1053.54789677773     
   11.4099999999998        1053.55049742469     
   11.4199999999998        1053.55307290638     
   11.4299999999998        1053.55562282010     
   11.4399999999998        1053.55814826000     
   11.4499999999998        1053.56064892342     
   11.4599999999998        1053.56312410816     
   11.4699999999998        1053.56557700474     
   11.4799999999998        1053.56800601293     
   11.4899999999998        1053.57041053090     
   11.4999999999998        1053.57279225205     
   11.5099999999998        1053.57515137295     
   11.5199999999998        1053.57748589445     
   11.5299999999998        1053.57979890772     
   11.5399999999998        1053.58208881279     
   11.5499999999998        1053.58435650518     
   11.5599999999998        1053.58660377867     
   11.5699999999998        1053.58882843464     
   11.5799999999998        1053.59102817511     
   11.5899999999998        1053.59321048267     
   11.5999999999998        1053.59537006296     
   11.6099999999998        1053.59750961256     
   11.6199999999998        1053.59962673163     
   11.6299999999998        1053.60172501054     
   11.6399999999998        1053.60380205173     
   11.6499999999998        1053.60585934986     
   11.6599999999998        1053.60789690179     
   11.6699999999998        1053.60991421123     
   11.6799999999998        1053.61191017092     
   11.6899999999998        1053.61388887381     
   11.6999999999998        1053.61584841856     
   11.7099999999998        1053.61778990791     
   11.7199999999998        1053.61971024322     
   11.7299999999998        1053.62161351108     
   11.7399999999998        1053.62349691703     
   11.7499999999998        1053.62536395254     
   11.7599999999998        1053.62721122221     
   11.7699999999998        1053.62904211773     
   11.7799999999998        1053.63085244527     
   11.7899999999998        1053.63264859087     
   11.7999999999998        1053.63442466403     
   11.8099999999998        1053.63618485504     
   11.8199999999998        1053.63792656723     
   11.8299999999998        1053.63965349183     
   11.8399999999998        1053.64136183453     
   11.8499999999998        1053.64305628478     
   11.8599999999998        1053.64473055314     
   11.8699999999998        1053.64639072628     
   11.8799999999998        1053.64803440741     
   11.8899999999998        1053.64966269299     
   11.8999999999998        1053.65127478300     
   11.9099999999998        1053.65287117216     
   11.9199999999998        1053.65445156880     
   11.9299999999998        1053.65601805836     
   11.9399999999998        1053.65756814741     
   11.9499999999998        1053.65910332869     
   11.9599999999998        1053.66062500738     
   11.9699999999998        1053.66212967989     
   11.9799999999998        1053.66362094104     
   11.9899999999998        1053.66509859005     
   11.9999999999998        1053.66656013065     
   12.0099999999998        1053.66800885206     
   12.0199999999998        1053.66944166546     
   12.0299999999998        1053.67086216269     
   12.0399999999998        1053.67226734239     
   12.0499999999998        1053.67366189744     
   12.0599999999998        1053.67503953898     
   12.0699999999998        1053.67640655382     
   12.0799999999998        1053.67775974717     
   12.0899999999998        1053.67909841931     
   12.0999999999998        1053.68042815849     
   12.1099999999998        1053.68173848419     
   12.1199999999998        1053.68304047076     
   12.1299999999998        1053.68432893667     
   12.1399999999998        1053.68560407139     
   12.1499999999998        1053.68686937036     
   12.1599999999998        1053.68811984239     
   12.1699999999998        1053.68935877722     
   12.1799999999998        1053.69058677892     
   12.1899999999998        1053.69180084948     
   12.1999999999998        1053.69300577881     
   12.2099999999998        1053.69419647905     
   12.2199999999998        1053.69537753447     
   12.2299999999998        1053.69654814875     
   12.2399999999998        1053.69770432598     
   12.2499999999998        1053.69885016679     
   12.2599999999998        1053.69998615702     
   12.2699999999998        1053.70111130726     
   12.2799999999998        1053.70222361763     
   12.2899999999998        1053.70332608472     
   12.2999999999998        1053.70441810284     
   12.3099999999998        1053.70549967131     
   12.3199999999998        1053.70656999733     
   12.3299999999998        1053.70763037460     
   12.3399999999998        1053.70868010707     
   12.3499999999998        1053.70972078468     
   12.3599999999998        1053.71075250986     
   12.3699999999998        1053.71177029178     
   12.3799999999998        1053.71278201445     
   12.3899999999998        1053.71378128978     
   12.3999999999998        1053.71477270831     
   12.4099999999998        1053.71575287612     
   12.4199999999998        1053.71672528590     
   12.4299999999998        1053.71768694293     
   12.4399999999998        1053.71863994264     
   12.4499999999998        1053.71958298713     
   12.4599999999998        1053.72051857100     
   12.4699999999998        1053.72144359987     
   12.4799999999998        1053.72235996949     
   12.4899999999998        1053.72326797886     
   12.4999999999998        1053.72416642989     
   12.5099999999998        1053.72505592091     
   12.5199999999998        1053.72593725006     
   12.5299999999998        1053.72681331119     
   12.5399999999998        1053.72767641891     
   12.5499999999998        1053.72853286054     
   12.5599999999998        1053.72938113862     
   12.5699999999998        1053.73022015485     
   12.5799999999998        1053.73105060759     
   12.5899999999998        1053.73187539070     
   12.5999999999998        1053.73269190898     
   12.6099999999998        1053.73349876475     
   12.6199999999998        1053.73429855259     
   12.6299999999998        1053.73508947558     
   12.6399999999998        1053.73587552579     
   12.6499999999998        1053.73665081418     
   12.6599999999998        1053.73742003144     
   12.6699999999998        1053.73818257828     
   12.6799999999998        1053.73893755621     
   12.6899999999998        1053.73968366748     
   12.6999999999998        1053.74042440492     
   12.7099999999998        1053.74115687383     
   12.7199999999998        1053.74188366891     
   12.7299999999998        1053.74260309328     
   12.7399999999998        1053.74331464750     
   12.7499999999998        1053.74401783228     
   12.7599999999998        1053.74471604084     
   12.7699999999998        1053.74540867394     
   12.7799999999998        1053.74609313646     
   12.7899999999998        1053.74677142430     
   12.7999999999998        1053.74744423575     
   12.8099999999998        1053.74810757844     
   12.8199999999998        1053.74876554408     
   12.8299999999998        1053.74941833212     
   12.8399999999998        1053.75006424552     
   12.8499999999998        1053.75070418237     
   12.8599999999998        1053.75133824231     
   12.8699999999998        1053.75196452563     
   12.8799999999998        1053.75258663228     
   12.8899999999998        1053.75320086423     
   12.8999999999998        1053.75381181342     
   12.9099999999998        1053.75441458808     
   12.9199999999998        1053.75501198754     
   12.9299999999998        1053.75560390257     
   12.9399999999998        1053.75619073869     
   12.9499999999998        1053.75677129869     
   12.9599999999998        1053.75734548194     
   12.9699999999998        1053.75791527874     
   12.9799999999998        1053.75847860177     
   12.9899999999998        1053.75903674175     
   12.9999999999998        1053.75959079853     
   13.0099999999998        1053.76013817401     
   13.0199999999998        1053.76067947597     
   13.0299999999998        1053.76121708739     
   13.0399999999998        1053.76175051916     
   13.0499999999998        1053.76227677115     
   13.0599999999998        1053.76279894299     
   13.0699999999998        1053.76331483179     
   13.0799999999998        1053.76382703535     
   13.0899999999998        1053.76433275904     
   13.0999999999998        1053.76483489492     
   13.1099999999998        1053.76533055491     
   13.1199999999998        1053.76582472277     
   13.1299999999998        1053.76631071130     
   13.1399999999998        1053.76679401609     
   13.1499999999998        1053.76727293404     
   13.1599999999998        1053.76774646898     
   13.1699999999998        1053.76821462087     
   13.1799999999998        1053.76867908622     
   13.1899999999998        1053.76914036399     
   13.1999999999998        1053.76959516045     
   13.2099999999998        1053.77004586774     
   13.2199999999998        1053.77049289422     
   13.2299999999998        1053.77093513271     
   13.2399999999998        1053.77137238652     
   13.2499999999998        1053.77180735029     
   13.2599999999998        1053.77223702978     
   13.2699999999998        1053.77266252273     
   13.2799999999998        1053.77308412837     
   13.2899999999998        1053.77350064917     
   13.2999999999998        1053.77391577768     
   13.3099999999998        1053.77432432392     
   13.3199999999998        1053.77472888278     
   13.3299999999998        1053.77513234851     
   13.3399999999998        1053.77552933149     
   13.3499999999998        1053.77592282586     
   13.3599999999998        1053.77631283150     
   13.3699999999998        1053.77669904892     
   13.3799999999998        1053.77708028042     
   13.3899999999998        1053.77746121660     
   13.3999999999998        1053.77783547005     
   13.4099999999998        1053.77820603472     
   13.4199999999998        1053.77857271100     
   13.4299999999998        1053.77893899194     
   13.4399999999998        1053.77929998709     
   13.4499999999998        1053.77965689386     
   13.4599999999998        1053.78001220752     
   13.4699999999998        1053.78036173608     
   13.4799999999998        1053.78071086898     
   13.4899999999998        1053.78105351491     
   13.4999999999998        1053.78139297669     
   13.5099999999998        1053.78172994360     
   13.5199999999998        1053.78206401945     
   13.5299999999998        1053.78239580303     
   13.5399999999998        1053.78272399681     
   13.5499999999998        1053.78304810160     
   13.5599999999998        1053.78336911552     
   13.5699999999998        1053.78368803657     
   13.5799999999998        1053.78400207001     
   13.5899999999998        1053.78431440966     
   13.5999999999998        1053.78462266016     
   13.6099999999998        1053.78492891733     
   13.6199999999998        1053.78523258227     
   13.6299999999998        1053.78553285651     
   13.6399999999998        1053.78582983980     
   13.6499999999998        1053.78612502916     
   13.6599999999998        1053.78641622884     
   13.6699999999998        1053.78670523528     
   13.6799999999998        1053.78699184881     
   13.6899999999998        1053.78727307524     
   13.6999999999998        1053.78755600075     
   13.7099999999998        1053.78783294014     
   13.7199999999998        1053.78810788263     
   13.7299999999997        1053.78838183556     
   13.7399999999997        1053.78864999877     
   13.7499999999997        1053.78891856332     
   13.7599999999997        1053.78918373657     
   13.7699999999997        1053.78944511930     
   13.7799999999997        1053.78970430613     
   13.7899999999997        1053.78996150326     
   13.7999999999997        1053.79021620492     
   13.8099999999997        1053.79047011008     
   13.8199999999997        1053.79071942382     
   13.8299999999997        1053.79096584950     
   13.8399999999997        1053.79121057805     
   13.8499999999997        1053.79145341204     
   13.8599999999997        1053.79169335343     
   13.8699999999997        1053.79193219868     
   13.8799999999997        1053.79216884989     
   13.8899999999997        1053.79240101143     
   13.8999999999997        1053.79263137810     
   13.9099999999997        1053.79286174639     
   13.9199999999997        1053.79308822376     
   13.9299999999997        1053.79331230734     
   13.9399999999997        1053.79353519155     
   13.9499999999997        1053.79375449059     
   13.9599999999997        1053.79397209116     
   13.9699999999997        1053.79419079106     
   13.9799999999997        1053.79440290514     
   13.9899999999997        1053.79461502059     
   13.9999999999997        1053.79482564022     
   14.0099999999997        1053.79503376614     
   14.0199999999997        1053.79523800083     
   14.0299999999997        1053.79544203719     
   14.0399999999997        1053.79564487716     
   14.0499999999997        1053.79584422508     
   14.0599999999997        1053.79604277580     
   14.0699999999997        1053.79623853311     
   14.0799999999997        1053.79643309383     
   14.0899999999997        1053.79662595907     
   14.0999999999997        1053.79681603082     
   14.1099999999997        1053.79700400772     
   14.1199999999997        1053.79719168631     
   14.1299999999997        1053.79737637176     
   14.1399999999997        1053.79756065898     
   14.1499999999997        1053.79774055581     
   14.1599999999997        1053.79792165123     
   14.1699999999997        1053.79809865564     
   14.1799999999997        1053.79827705823     
   14.1899999999997        1053.79845057132     
   14.1999999999997        1053.79862458430     
   14.2099999999997        1053.79879510505     
   14.2199999999997        1053.79896532718     
   14.2299999999997        1053.79913295532     
   14.2399999999997        1053.79929908711     
   14.2499999999997        1053.79946432154     
   14.2599999999997        1053.79962676223     
   14.2699999999997        1053.79978730740     
   14.2799999999997        1053.79994735435     
   14.2899999999997        1053.80010640399     
   14.2999999999997        1053.80026475577     
   14.3099999999997        1053.80042071293     
   14.3199999999997        1053.80057377648     
   14.3299999999997        1053.80072614210     
   14.3399999999997        1053.80087741054     
   14.3499999999997        1053.80102608475     
   14.3599999999997        1053.80117605709     
   14.3699999999997        1053.80132233728     
   14.3799999999997        1053.80146801930     
   14.3899999999997        1053.80161200525     
   14.3999999999997        1053.80175439495     
   14.4099999999997        1053.80189578722     
   14.4199999999997        1053.80203628183     
   14.4299999999997        1053.80217478095     
   14.4399999999997        1053.80231138425     
   14.4499999999997        1053.80244629147     
   14.4599999999997        1053.80258050063     
   14.4699999999997        1053.80271431111     
   14.4799999999997        1053.80284692447     
   14.4899999999997        1053.80297774182     
   14.4999999999997        1053.80310626200     
   14.5099999999997        1053.80323628414     
   14.5199999999997        1053.80336341028     
   14.5299999999997        1053.80348784207     
   14.5399999999997        1053.80361307283     
   14.5499999999997        1053.80373570911     
   14.5599999999997        1053.80385764721     
   14.5699999999997        1053.80397998502     
   14.5799999999997        1053.80409932908     
   14.5899999999997        1053.80421757570     
   14.5999999999997        1053.80433592256     
   14.6099999999997        1053.80445097627     
   14.6199999999997        1053.80456712825     
   14.6299999999997        1053.80468108493     
   14.6399999999997        1053.80479434334     
   14.6499999999997        1053.80490700333     
   14.6599999999997        1053.80501696676     
   14.6699999999997        1053.80512803058     
   14.6799999999997        1053.80523630245     
   14.6899999999997        1053.80534327500     
   14.6999999999997        1053.80544905024     
   14.7099999999997        1053.80555532484     
   14.7199999999997        1053.80566020255     
   14.7299999999997        1053.80576518038     
   14.7399999999997        1053.80586606648     
   14.7499999999997        1053.80596984726     
   14.7599999999997        1053.80606843852     
   14.7699999999997        1053.80616932561     
   14.7799999999997        1053.80626871587     
   14.7899999999997        1053.80636660938     
   14.7999999999997        1053.80646330550     
   14.8099999999997        1053.80655840504     
   14.8199999999997        1053.80665510174     
   14.8299999999997        1053.80674820575     
   14.8399999999997        1053.80684230805     
   14.8499999999997        1053.80693371593     
   14.8599999999997        1053.80702612205     
   14.8699999999997        1053.80711583369     
   14.8799999999997        1053.80720534599     
   14.8899999999997        1053.80729415989     
   14.8999999999997        1053.80738287425     
   14.9099999999997        1053.80747079037     
   14.9199999999997        1053.80755661083     
   14.9299999999997        1053.80764073484     
   14.9399999999997        1053.80772545789     
   14.9499999999997        1053.80781087980     
   14.9599999999997        1053.80789390659     
   14.9699999999997        1053.80797493749     
   14.9799999999997        1053.80805716626     
   14.9899999999997        1053.80813849699     
   14.9999999999997        1053.80821843062     
   15.0099999999997        1053.80829746624     
   15.0199999999997        1053.80837590316     
   15.0299999999997        1053.80845304287     
   15.0399999999997        1053.80852958168     
   15.0499999999997        1053.80860672399     
   15.0599999999997        1053.80868196785     
   15.0699999999997        1053.80875611411     
   15.0799999999997        1053.80883055995     
   15.0899999999997        1053.80890221138     
   15.0999999999997        1053.80897635812     
   15.1099999999997        1053.80904940496     
   15.1199999999997        1053.80911946222     
   15.1299999999997        1053.80918941762     
   15.1399999999997        1053.80925947297     
   15.1499999999997        1053.80932763216     
   15.1599999999997        1053.80939678964     
   15.1699999999997        1053.80946574751     
   15.1799999999997        1053.80953270949     
   15.1899999999997        1053.80959927240     
   15.1999999999997        1053.80966453575     
   15.2099999999997        1053.80972960403     
   15.2199999999997        1053.80979437083     
   15.2299999999997        1053.80985784032     
   15.2399999999997        1053.80992140973     
   15.2499999999997        1053.80998477962     
   15.2599999999997        1053.81004795003     
   15.2699999999997        1053.81010812640     
   15.2799999999997        1053.81016900154     
   15.2899999999997        1053.81023007639     
   15.2999999999997        1053.81028975411     
   15.3099999999997        1053.81034993095     
   15.3199999999997        1053.81040831137     
   15.3299999999997        1053.81046639257     
   15.3399999999997        1053.81052347571     
   15.3499999999997        1053.81058015979     
   15.3599999999997        1053.81063674420     
   15.3699999999997        1053.81069312905     
   15.3799999999997        1053.81074951396     
   15.3899999999997        1053.81080330410     
   15.3999999999997        1053.81085839173     
   15.4099999999997        1053.81091228185     
   15.4199999999997        1053.81096557320     
   15.4299999999997        1053.81101796642     
   15.4399999999997        1053.81106986068     
   15.4499999999997        1053.81112255347     
   15.4599999999997        1053.81117394884     
   15.4699999999997        1053.81122424649     
   15.4799999999997        1053.81127504320     
   15.4899999999997        1053.81132524124     
   15.4999999999997        1053.81137354299     
   15.5099999999997        1053.81142284287     
   15.5199999999997        1053.81147154396     
   15.5299999999997        1053.81151904755     
   15.5399999999997        1053.81156665094     
   15.5499999999997        1053.81161425445     
   15.5599999999997        1053.81166125915     
   15.5699999999997        1053.81170646742     
   15.5799999999997        1053.81175267386     
   15.5899999999997        1053.81179788226     
   15.5999999999997        1053.81184378942     
   15.6099999999997        1053.81188640300     
   15.6199999999997        1053.81193081319     
   15.6299999999997        1053.81197462461     
   15.6399999999997        1053.81201763762     
   15.6499999999997        1053.81206154895     
   15.6599999999997        1053.81210426262     
   15.6699999999997        1053.81214458107     
   15.6799999999997        1053.81218649647     
   15.6899999999997        1053.81222721427     
   15.6999999999997        1053.81226833131     
   15.7099999999997        1053.81231014706     
   15.7199999999997        1053.81234876902     
   15.7299999999997        1053.81238868862     
   15.7399999999997        1053.81242820893     
   15.7499999999997        1053.81246643193     
   15.7599999999997        1053.81250425564     
   15.7699999999997        1053.81254267833     
   15.7799999999997        1053.81258090142     
   15.7899999999997        1053.81261772728     
   15.7999999999997        1053.81265565103     
   15.8099999999997        1053.81269127926     
   15.8199999999997        1053.81272910330     
   15.8299999999997        1053.81276423269     
   15.8399999999997        1053.81280006070     
   15.8499999999997        1053.81283528986     
   15.8599999999997        1053.81286992034     
   15.8699999999997        1053.81290514960     
   15.8799999999997        1053.81293848263     
   15.8899999999997        1053.81297391163     
   15.8999999999997        1053.81300574764     
   15.9099999999997        1053.81303987925     
   15.9199999999997        1053.81307311260     
   15.9299999999997        1053.81310654561     
   15.9399999999997        1053.81313878103     
   15.9499999999997        1053.81316812209     
   15.9599999999997        1053.81320015793     
   15.9699999999997        1053.81323329165     
   15.9799999999997        1053.81326393026     
   15.9899999999997        1053.81329426951     
   15.9999999999997        1053.81332510785     
