   2.50000000000000        247.822316120023     
   2.51000000000000        224.766233225787     
   2.52000000000000        203.169260742436     
   2.53000000000000        182.974896433455     
   2.54000000000000        164.128490945003     
   2.55000000000000        146.577190587122     
   2.56000000000000        130.269895332793     
   2.57000000000000        115.157190787208     
   2.58000000000000        101.191321598955     
   2.59000000000000        88.3261202040783     
   2.60000000000000        76.5169786392827     
   2.61000000000000        65.7207751073283     
   2.62000000000000        55.8958650344709     
   2.63000000000000        47.0020066283223     
   2.64000000000000        39.0003244984753     
   2.65000000000000        31.8532709134236     
   2.66000000000000        25.5246097918423     
   2.67000000000000        19.9793175886775     
   2.68000000000000        15.1836052218505     
   2.69000000000000        11.1048460190418     
   2.70000000000000        7.71155443891917     
   2.71000000000000        4.97332876978817     
   2.72000000000000        2.86086635643892     
   2.73000000000000        1.34584858121866     
   2.73999999999999       0.401001335765613     
   2.74999999999999       1.136868377216160E-012
   2.75999999999999       0.117447375000438     
   2.76999999999999       0.728871565074542     
   2.77999999999999        1.81066660767533     
   2.78999999999999        3.34008898592765     
   2.79999999999999        5.29520507755956     
   2.80999999999999        7.65489080196357     
   2.81999999999999        10.3987817135205     
   2.82999999999999        13.5072746397407     
   2.83999999999999        16.9614797462450     
   2.84999999999999        20.7432084797931     
   2.85999999999999        24.8349389861733     
   2.86999999999999        29.2198185011263     
   2.87999999999999        33.8816288705380     
   2.88999999999999        38.8047511676704     
   2.89999999999999        43.9741677369328     
   2.90999999999999        49.3754318723671     
   2.91999999999999        54.9946537149781     
   2.92999999999999        60.8184809534534     
   2.93999999999999        66.8340719748858     
   2.94999999999999        73.0290921353101     
   2.95999999999999        79.3916930829799     
   2.96999999999999        85.9104965465517     
   2.97999999999999        92.5745648255983     
   2.98999999999999        99.3734203369304     
   2.99999999999999        106.296985357594     
   3.00999999999999        113.335605111231     
   3.01999999999999        120.480020593224     
   3.02999999999999        127.721344405621     
   3.03999999999999        135.051076321592     
   3.04999999999999        142.461057046429     
   3.05999999999999        149.943469957401     
   3.06999999999999        157.490846284374     
   3.07999999999999        165.096025850019     
   3.08999999999999        172.752167452869     
   3.09999999999999        180.452718925358     
   3.10999999999999        188.191431698372     
   3.11999999999999        195.962318376610     
   3.12999999999999        203.759680859679     
   3.13999999999999        211.578067038644     
   3.14999999999999        219.412278062697     
   3.15999999999999        227.257357977664     
   3.16999999999999        235.108591985767     
   3.17999999999999        242.961478456586     
   3.18999999999999        250.811739789669     
   3.19999999999999        258.655306604411     
   3.20999999999998        266.488310569167     
   3.21999999999998        274.307078609677     
   3.22999999999998        282.108122367345     
   3.23999999999998        289.888134717571     
   3.24999999999998        297.643985915969     
   3.25999999999998        305.372721687208     
   3.26999999999998        313.071523690243     
   3.27999999999998        320.737748954073     
   3.28999999999998        328.368901779104     
   3.29999999999998        335.962624617029     
   3.30999999999998        343.516701314087     
   3.31999999999998        351.029047473157     
   3.32999999999998        358.497709885310     
   3.33999999999998        365.920854922864     
   3.34999999999998        373.296765560563     
   3.35999999999998        380.623839480612     
   3.36999999999998        387.900583521056     
   3.37999999999998        395.125614691354     
   3.38999999999998        402.297642543989     
   3.39999999999998        409.415470002273     
   3.40999999999998        416.478000427362     
   3.41999999999998        423.484228628066     
   3.42999999999998        430.433218509600     
   3.43999999999998        437.324132528817     
   3.44999999999998        444.156199366870     
   3.45999999999998        450.928728279539     
   3.46999999999998        457.641097500320     
   3.47999999999998        464.292754215656     
   3.48999999999998        470.883211765947     
   3.49999999999998        477.412038955817     
   3.50999999999998        483.878875878343     
   3.51999999999998        490.283405395693     
   3.52999999999998        496.625377571802     
   3.53999999999998        502.904588533693     
   3.54999999999998        509.120880395695     
   3.55999999999998        515.274147503774     
   3.56999999999998        521.364324149752     
   3.57999999999998        527.391394118451     
   3.58999999999998        533.355370865005     
   3.59999999999998        539.256314225233     
   3.60999999999998        545.094320832065     
   3.61999999999998        550.869518574792     
   3.62999999999998        556.582061886604     
   3.63999999999998        562.232148833654     
   3.64999999999998        567.820000818738     
   3.65999999999998        573.345863284187     
   3.66999999999998        578.810012031290     
   3.67999999999997        584.212745850482     
   3.68999999999997        589.554385084434     
   3.69999999999997        594.835277113258     
   3.70999999999997        600.055784101212     
   3.71999999999997        605.216286763421     
   3.72999999999997        610.317191080852     
   3.73999999999997        615.358909639612     
   3.74999999999997        620.341878870202     
   3.75999999999997        625.266540141729     
   3.76999999999997        630.133363319357     
   3.77999999999997        634.942814254081     
   3.78999999999997        639.695379509013     
   3.79999999999997        644.391550734530     
   3.80999999999997        649.031841214241     
   3.81999999999997        653.616756595887     
   3.82999999999997        658.146815798431     
   3.83999999999997        662.622555113215     
   3.84999999999997        667.044501609344     
   3.85999999999997        671.413201277363     
   3.86999999999997        675.729192597137     
   3.87999999999997        679.993030613897     
   3.88999999999997        684.205269270912     
   3.89999999999997        688.366461541772     
   3.90999999999997        692.477167127770     
   3.91999999999997        696.537951277912     
   3.92999999999997        700.549368251769     
   3.93999999999997        704.511990589045     
   3.94999999999997        708.426378055787     
   3.95999999999997        712.293096576289     
   3.96999999999997        716.112712205558     
   3.97999999999997        719.885782961642     
   3.98999999999997        723.612879098846     
   3.99999999999997        727.294557059990     
   4.00999999999997        730.931380192919     
   4.01999999999997        734.523902611195     
   4.02999999999997        738.072679451307     
   4.03999999999997        741.578266738138     
   4.04999999999997        745.041214534106     
   4.05999999999997        748.462066689061     
   4.06999999999997        751.841370374128     
   4.07999999999997        755.179661709209     
   4.08999999999997        758.477480863322     
   4.09999999999997        761.735358580278     
   4.10999999999997        764.953825803487     
   4.11999999999997        768.133404307471     
   4.12999999999997        771.274609238553     
   4.13999999999997        774.377968360127     
   4.14999999999996        777.443980399263     
   4.15999999999996        780.473155694979     
   4.16999999999996        783.465995650747     
   4.17999999999996        786.422994380968     
   4.18999999999996        789.344644177581     
   4.19999999999996        792.231428850938     
   4.20999999999996        795.083830151822     
   4.21999999999996        797.902323806774     
   4.22999999999996        800.687374867246     
   4.23999999999996        803.439455671304     
   4.24999999999996        806.159018229168     
   4.25999999999996        808.846517947212     
   4.26999999999996        811.502399992961     
   4.27999999999996        814.127112931167     
   4.28999999999996        816.721084541885     
   4.29999999999996        819.284750846523     
   4.30999999999996        821.818540166806     
   4.31999999999996        824.322866161238     
   4.32999999999996        826.798144687005     
   4.33999999999996        829.244784981272     
   4.34999999999996        831.663192205796     
   4.35999999999996        834.053758539602     
   4.36999999999996        836.416878706144     
   4.37999999999996        838.752939709030     
   4.38999999999996        841.062321602299     
   4.39999999999996        843.345400323578     
   4.40999999999996        845.602545236838     
   4.41999999999996        847.834117119079     
   4.42999999999996        850.040481328024     
   4.43999999999996        852.221985926762     
   4.44999999999996        854.378983507652     
   4.45999999999996        856.511813387105     
   4.46999999999996        858.620817452348     
   4.47999999999996        860.706326273382     
   4.48999999999996        862.768666830000     
   4.49999999999996        864.808161827638     
   4.50999999999996        866.825128565285     
   4.51999999999996        868.819880238046     
   4.52999999999996        870.792724887114     
   4.53999999999996        872.743966201717     
   4.54999999999996        874.673898712376     
   4.55999999999996        876.582816075159     
   4.56999999999996        878.471009587717     
   4.57999999999996        880.338761135514     
   4.58999999999996        882.186349647500     
   4.59999999999996        884.014050428189     
   4.60999999999996        885.822135585031     
   4.61999999999995        887.610866714214     
   4.62999999999995        889.380510088456     
   4.63999999999995        891.131316023122     
   4.64999999999995        892.863545029946     
   4.65999999999995        894.577443526903     
   4.66999999999995        896.273255172152     
   4.67999999999995        897.951220808065     
   4.68999999999995        899.611575948918     
   4.69999999999995        901.254553905348     
   4.70999999999995        902.880389220774     
   4.71999999999995        904.489298238000     
   4.72999999999995        906.081507435520     
   4.73999999999995        907.657233506737     
   4.74999999999995        909.216691574471     
   4.75999999999995        910.760089618308     
   4.76999999999995        912.287638511787     
   4.77999999999995        913.799535508801     
   4.78999999999995        915.295988762413     
   4.79999999999995        916.777186482541     
   4.80999999999995        918.243331222278     
   4.81999999999995        919.694608327301     
   4.82999999999995        921.131203159210     
   4.83999999999995        922.553304254086     
   4.84999999999995        923.961090613541     
   4.85999999999995        925.354739753795     
   4.86999999999995        926.734425426560     
   4.87999999999995        928.100326126227     
   4.88999999999995        929.452600629215     
   4.89999999999995        930.791425594504     
   4.90999999999995        932.116960905068     
   4.91999999999995        933.429367279534     
   4.92999999999995        934.728802323303     
   4.93999999999995        936.015424689944     
   4.94999999999995        937.289384627980     
   4.95999999999995        938.550837326799     
   4.96999999999995        939.799924408087     
   4.97999999999995        941.036797659133     
   4.98999999999995        942.261599121228     
   4.99999999999995        943.474469739333     
   5.00999999999995        944.675549696274     
   5.01999999999995        945.864973129242     
   5.02999999999995        947.042877644967     
   5.03999999999995        948.209395007805     
   5.04999999999995        949.364651755687     
   5.05999999999995        950.508782353072     
   5.06999999999995        951.641913177830     
   5.07999999999995        952.764161923358     
   5.08999999999994        953.875654832431     
   5.09999999999994        954.976511433122     
   5.10999999999994        956.066855388194     
   5.11999999999994        957.146795542930     
   5.12999999999994        958.216454450867     
   5.13999999999994        959.275940160852     
   5.14999999999994        960.325364147808     
   5.15999999999994        961.364838852206     
   5.16999999999994        962.394472828460     
   5.17999999999994        963.414369979061     
   5.18999999999994        964.424636706106     
   5.19999999999994        965.425377410339     
   5.20999999999994        966.416691255099     
   5.21999999999994        967.398680470791     
   5.22999999999994        968.371441999831     
   5.23999999999994        969.335078111291     
   5.24999999999994        970.289680272986     
   5.25999999999994        971.235344817053     
   5.26999999999994        972.172165408752     
   5.27999999999994        973.100232412088     
   5.28999999999994        974.019636213238     
   5.29999999999994        974.930470264514     
   5.30999999999994        975.832818087732     
   5.31999999999994        976.726768806648     
   5.32999999999994        977.612408521500     
   5.33999999999994        978.489819372925     
   5.34999999999994        979.359083911490     
   5.35999999999994        980.220292539508     
   5.36999999999994        981.073516611123     
   5.37999999999994        981.918841471640     
   5.38999999999994        982.756344524811     
   5.39999999999994        983.586102031293     
   5.40999999999994        984.408193167010     
   5.41999999999994        985.222695719679     
   5.42999999999994        986.029679980288     
   5.43999999999994        986.829220959121     
   5.44999999999994        987.621393666250     
   5.45999999999994        988.406270589871     
   5.46999999999994        989.183917951447     
   5.47999999999994        989.954411669489     
   5.48999999999994        990.717816665261     
   5.49999999999994        991.474206334941     
   5.50999999999994        992.223643416403     
   5.51999999999994        992.966195483761     
   5.52999999999994        993.701929303903     
   5.53999999999994        994.430909982023     
   5.54999999999993        995.153205222157     
   5.55999999999993        995.868872025440     
   5.56999999999993        996.577976605447     
   5.57999999999993        997.280579881485     
   5.58999999999993        997.976747065728     
   5.59999999999993        998.666536711017     
   5.60999999999993        999.350006677541     
   5.61999999999993        1000.02721673846     
   5.62999999999993        1000.69822725788     
   5.63999999999993        1001.36309611898     
   5.64999999999993        1002.02187632984     
   5.65999999999993        1002.67463030953     
   5.66999999999993        1003.32140644331     
   5.67999999999993        1003.96227125970     
   5.68999999999993        1004.59726946212     
   5.69999999999993        1005.22645866433     
   5.70999999999993        1005.84989206134     
   5.71999999999993        1006.46762312728     
   5.72999999999993        1007.07970642680     
   5.73999999999993        1007.68618763915     
   5.74999999999993        1008.28712340332     
   5.75999999999993        1008.88256180506     
   5.76999999999993        1009.47255340789     
   5.77999999999993        1010.05714910003     
   5.78999999999993        1010.63639617381     
   5.79999999999993        1011.21034415272     
   5.80999999999993        1011.77904084302     
   5.81999999999993        1012.34253356985     
   5.82999999999993        1012.90086979774     
   5.83999999999993        1013.45409607760     
   5.84999999999993        1014.00225775455     
   5.85999999999993        1014.54540297041     
   5.86999999999993        1015.08357548031     
   5.87999999999993        1015.61681893078     
   5.88999999999993        1016.14517881581     
   5.89999999999993        1016.66869786109     
   5.90999999999993        1017.18742139468     
   5.91999999999993        1017.70138824331     
   5.92999999999993        1018.21064542173     
   5.93999999999993        1018.71523785122     
   5.94999999999993        1019.21519765230     
   5.95999999999993        1019.71057507119     
   5.96999999999993        1020.20140833313     
   5.97999999999993        1020.68773441592     
   5.98999999999993        1021.16959961726     
   5.99999999999993        1021.64704011619     
   6.00999999999993        1022.12009599873     
   6.01999999999992        1022.58880729106     
   6.02999999999992        1023.05320881082     
   6.03999999999992        1023.51334324285     
   6.04999999999992        1023.96924851810     
   6.05999999999992        1024.42096006134     
   6.06999999999992        1024.86851647355     
   6.07999999999992        1025.31195482033     
   6.08999999999992        1025.75130964351     
   6.09999999999992        1026.18661693758     
   6.10999999999992        1026.61791729740     
   6.11999999999992        1027.04524151436     
   6.12999999999992        1027.46863076412     
   6.13999999999992        1027.88811118789     
   6.14999999999992        1028.30372551160     
   6.15999999999992        1028.71550367905     
   6.16999999999992        1029.12348198045     
   6.17999999999992        1029.52769072829     
   6.18999999999992        1029.92817060831     
   6.19999999999992        1030.32494569247     
   6.20999999999992        1030.71805595863     
   6.21999999999992        1031.10753049487     
   6.22999999999992        1031.49340123986     
   6.23999999999992        1031.87570141400     
   6.24999999999992        1032.25446211186     
   6.25999999999992        1032.62971378843     
   6.26999999999992        1033.00149198765     
   6.27999999999992        1033.36982245733     
   6.28999999999992        1033.73474024163     
   6.29999999999992        1034.09627023809     
   6.30999999999992        1034.45444841245     
   6.31999999999992        1034.80930252587     
   6.32999999999992        1035.16085854237     
   6.33999999999992        1035.50914816184     
   6.34999999999992        1035.85420185548     
   6.35999999999992        1036.19604861015     
   6.36999999999992        1036.53471648961     
   6.37999999999992        1036.87023151559     
   6.38999999999992        1037.20262589362     
   6.39999999999992        1037.53192169797     
   6.40999999999992        1037.85815214141     
   6.41999999999992        1038.18134133174     
   6.42999999999992        1038.50151691781     
   6.43999999999992        1038.81870781537     
   6.44999999999992        1039.13293784004     
   6.45999999999992        1039.44423400783     
   6.46999999999992        1039.75262430083     
   6.47999999999992        1040.05813168206     
   6.48999999999991        1040.36078866068     
   6.49999999999991        1040.66061227213     
   6.50999999999991        1040.95763368791     
   6.51999999999991        1041.25187381486     
   6.52999999999991        1041.54336094436     
   6.53999999999991        1041.83211559625     
   6.54999999999991        1042.11816727858     
   6.55999999999991        1042.40153903737     
   6.56999999999991        1042.68225368870     
   6.57999999999991        1042.96033209005     
   6.58999999999991        1043.23580375894     
   6.59999999999991        1043.50869096362     
   6.60999999999991        1043.77901339203     
   6.61999999999991        1044.04679638074     
   6.62999999999991        1044.31206453809     
   6.63999999999991        1044.57483697786     
   6.64999999999991        1044.83513738701     
   6.65999999999991        1045.09298848465     
   6.66999999999991        1045.34841427600     
   6.67999999999991        1045.60143288290     
   6.68999999999991        1045.85206679785     
   6.69999999999991        1046.10034356241     
   6.70999999999991        1046.34627504215     
   6.71999999999991        1046.58988955207     
   6.72999999999991        1046.83120634648     
   6.73999999999991        1047.07024164880     
   6.74999999999991        1047.30702411273     
   6.75999999999991        1047.54156751595     
   6.76999999999991        1047.77389540006     
   6.77999999999991        1048.00402663389     
   6.78999999999991        1048.23198312889     
   6.79999999999991        1048.45778382639     
   6.80999999999991        1048.68144476669     
   6.81999999999991        1048.90298873204     
   6.82999999999991        1049.12243631806     
   6.83999999999991        1049.33980248505     
   6.84999999999991        1049.55511410874     
   6.85999999999991        1049.76837861525     
   6.86999999999991        1049.97962346657     
   6.87999999999991        1050.18886522048     
   6.88999999999991        1050.39611849964     
   6.89999999999991        1050.60140444731     
   6.90999999999991        1050.80474255071     
   6.91999999999991        1051.00614768852     
   6.92999999999991        1051.20563719228     
   6.93999999999991        1051.40323140359     
   6.94999999999991        1051.59894822486     
   6.95999999999990        1051.79280154425     
   6.96999999999990        1051.98481046997     
   6.97999999999990        1052.17499167795     
   6.98999999999990        1052.36335997264     
   6.99999999999990        1052.54993426627     
   7.00999999999990        1052.73473295690     
   7.01999999999990        1052.91776813623     
   7.02999999999990        1053.09905793934     
   7.03999999999990        1053.27861826062     
   7.04999999999990        1053.45646567420     
   7.05999999999990        1053.63261404153     
   7.06999999999990        1053.80708312068     
   7.07999999999990        1053.97988379515     
   7.08999999999990        1054.15103506472     
   7.09999999999990        1054.32055096788     
   7.10999999999990        1054.48844634043     
   7.11999999999990        1054.65473511077     
   7.12999999999990        1054.81943295834     
   7.13999999999990        1054.98255490348     
   7.14999999999990        1055.14411641092     
   7.15999999999990        1055.30413132021     
   7.16999999999990        1055.46261288968     
   7.17999999999990        1055.61957620761     
   7.18999999999990        1055.77503558201     
   7.19999999999990        1055.92900289741     
   7.20999999999990        1056.08149841570     
   7.21999999999990        1056.23252771075     
   7.22999999999990        1056.38211131810     
   7.23999999999990        1056.53025636463     
   7.24999999999990        1056.67698196053     
   7.25999999999990        1056.82229734957     
   7.26999999999990        1056.96621720333     
   7.27999999999990        1057.10875322714     
   7.28999999999990        1057.24992170061     
   7.29999999999990        1057.38973241943     
   7.30999999999990        1057.52820000838     
   7.31999999999990        1057.66533389052     
   7.32999999999990        1057.80115107591     
   7.33999999999990        1057.93565822441     
   7.34999999999990        1058.06887204697     
   7.35999999999990        1058.20080603633     
   7.36999999999990        1058.33146823877     
   7.37999999999990        1058.46087316148     
   7.38999999999990        1058.58902814194     
   7.39999999999990        1058.71595051967     
   7.40999999999990        1058.84164829110     
   7.41999999999990        1058.96613500928     
   7.42999999999989        1059.08942278813     
   7.43999999999989        1059.21152055730     
   7.44999999999989        1059.33243996347     
   7.45999999999989        1059.45219080262     
   7.46999999999989        1059.57078824013     
   7.47999999999989        1059.68823908180     
   7.48999999999989        1059.80455709864     
   7.49999999999989        1059.91975081514     
   7.50999999999989        1060.03383106862     
   7.51999999999989        1060.14681149219     
   7.52999999999989        1060.25869762885     
   7.53999999999989        1060.36950554760     
   7.54999999999989        1060.47924104492     
   7.55999999999989        1060.58791124227     
   7.56999999999989        1060.69553434537     
   7.57999999999989        1060.80211453026     
   7.58999999999989        1060.90766264794     
   7.59999999999989        1061.01219108765     
   7.60999999999989        1061.11570769990     
   7.61999999999989        1061.21822335041     
   7.62999999999989        1061.31974146720     
   7.63999999999989        1061.42028072995     
   7.64999999999989        1061.51984462075     
   7.65999999999989        1061.61844477663     
   7.66999999999989        1061.71608692246     
   7.67999999999989        1061.81278415693     
   7.68999999999989        1061.90854304858     
   7.69999999999989        1062.00337558790     
   7.70999999999989        1062.09728574515     
   7.71999999999989        1062.19028667512     
   7.72999999999989        1062.28238613964     
   7.73999999999989        1062.37358825462     
   7.74999999999989        1062.46390926541     
   7.75999999999989        1062.55335061150     
   7.76999999999989        1062.64192479362     
   7.77999999999989        1062.72963972775     
   7.78999999999989        1062.81650057014     
   7.79999999999989        1062.90251903339     
   7.80999999999989        1062.98770189813     
   7.81999999999989        1063.07205719540     
   7.82999999999989        1063.15559330805     
   7.83999999999989        1063.23831997306     
   7.84999999999989        1063.32023701292     
   7.85999999999989        1063.40136089775     
   7.86999999999989        1063.48169437327     
   7.87999999999989        1063.56124958873     
   7.88999999999989        1063.64002746492     
   7.89999999999988        1063.71804123027     
   7.90999999999988        1063.79529469934     
   7.91999999999988        1063.87179708465     
   7.92999999999988        1063.94755510637     
   7.93999999999988        1064.02257728280     
   7.94999999999988        1064.09686644731     
   7.95999999999988        1064.17043522473     
   7.96999999999988        1064.24328318594     
   7.97999999999988        1064.31542640428     
   7.98999999999988        1064.38686463700     
   7.99999999999988        1064.45760709613     
   8.00999999999988        1064.52766044656     
   8.01999999999988        1064.59702948259     
   8.02999999999988        1064.66572464485     
   8.03999999999988        1064.73375187457     
   8.04999999999988        1064.80111419854     
   8.05999999999988        1064.86782234931     
   8.06999999999988        1064.93387569663     
   8.07999999999988        1064.99928894255     
   8.08999999999988        1065.06406203021     
   8.09999999999988        1065.12820410030     
   8.10999999999988        1065.19171957398     
   8.11999999999988        1065.25461958948     
   8.12999999999988        1065.31690245153     
   8.13999999999988        1065.37857804810     
   8.14999999999988        1065.43965109966     
   8.15999999999988        1065.50012966223     
   8.16999999999988        1065.56001985934     
   8.17999999999988        1065.61932081649     
   8.18999999999988        1065.67804619592     
   8.19999999999988        1065.73619702884     
   8.20999999999988        1065.79378120904     
   8.21999999999988        1065.85080299707     
   8.22999999999988        1065.90726759765     
   8.23999999999988        1065.96317960080     
   8.24999999999988        1066.01854716438     
   8.25999999999988        1066.07337262479     
   8.26999999999988        1066.12766536671     
   8.27999999999988        1066.18142500252     
   8.28999999999988        1066.23465978512     
   8.29999999999988        1066.28737438251     
   8.30999999999988        1066.33957387238     
   8.31999999999988        1066.39126519400     
   8.32999999999988        1066.44245071682     
   8.33999999999988        1066.49313224096     
   8.34999999999988        1066.54332423118     
   8.35999999999988        1066.59302139179     
   8.36999999999987        1066.64223455993     
   8.37999999999987        1066.69096601873     
   8.38999999999987        1066.73922154048     
   8.39999999999987        1066.78700291932     
   8.40999999999987        1066.83432211365     
   8.41999999999987        1066.88117461919     
   8.42999999999987        1066.92757058137     
   8.43999999999987        1066.97351051684     
   8.44999999999987        1067.01900170749     
   8.45999999999987        1067.06405069213     
   8.46999999999987        1067.10865705736     
   8.47999999999987        1067.15282629242     
   8.48999999999987        1067.19656413160     
   8.49999999999987        1067.23987494005     
   8.50999999999987        1067.28275920255     
   8.51999999999987        1067.32522593465     
   8.52999999999987        1067.36727794773     
   8.53999999999987        1067.40891692689     
   8.54999999999987        1067.45014840998     
   8.55999999999987        1067.49097838446     
   8.56999999999987        1067.53140868735     
   8.57999999999987        1067.57144034118     
   8.58999999999987        1067.61108093304     
   8.59999999999987        1067.65033662453     
   8.60999999999987        1067.68920401333     
   8.61999999999987        1067.72769338437     
   8.62999999999987        1067.76580395584     
   8.63999999999987        1067.80354284067     
   8.64999999999987        1067.84091192197     
   8.65999999999987        1067.87791533874     
   8.66999999999987        1067.91455659327     
   8.67999999999987        1067.95083680683     
   8.68999999999987        1067.98676535234     
   8.69999999999987        1068.02233984768     
   8.70999999999987        1068.05756761880     
   8.71999999999987        1068.09244888869     
   8.72999999999987        1068.12698786234     
   8.73999999999987        1068.16119048898     
   8.74999999999987        1068.19505778331     
   8.75999999999987        1068.22859127434     
   8.76999999999987        1068.26180114934     
   8.77999999999987        1068.29468096400     
   8.78999999999987        1068.32723719640     
   8.79999999999987        1068.35947887933     
   8.80999999999987        1068.39140483823     
   8.81999999999987        1068.42301692913     
   8.82999999999987        1068.45431700874     
   8.83999999999986        1068.48531318753     
   8.84999999999986        1068.51600527361     
   8.85999999999986        1068.54639586764     
   8.86999999999986        1068.57648783466     
   8.87999999999986        1068.60628861336     
   8.88999999999986        1068.63579062248     
   8.89999999999986        1068.66500995435     
   8.90999999999986        1068.69394242981     
   8.91999999999986        1068.72258782122     
   8.92999999999986        1068.75095700893     
   8.93999999999986        1068.77904520477     
   8.94999999999986        1068.80685981929     
   8.95999999999986        1068.83439997403     
   8.96999999999986        1068.86167019758     
   8.97999999999986        1068.88867660628     
   8.98999999999986        1068.91541295514     
   8.99999999999986        1068.94189145222     
   9.00999999999986        1068.96810864968     
   9.01999999999986        1068.99407057028     
   9.02999999999986        1069.01977726298     
   9.03999999999986        1069.04523181176     
   9.04999999999986        1069.07043607036     
   9.05999999999986        1069.09539463186     
   9.06999999999986        1069.12010886757     
   9.07999999999986        1069.14457999914     
   9.08999999999986        1069.16881172172     
   9.09999999999986        1069.19280539215     
   9.10999999999986        1069.21656295233     
   9.11999999999986        1069.24008695891     
   9.12999999999986        1069.26338565310     
   9.13999999999986        1069.28645377864     
   9.14999999999986        1069.30929491874     
   9.15999999999986        1069.33191044883     
   9.16999999999986        1069.35430580567     
   9.17999999999986        1069.37648403180     
   9.18999999999986        1069.39843946979     
   9.19999999999986        1069.42018544094     
   9.20999999999986        1069.44171475486     
   9.21999999999986        1069.46303487419     
   9.22999999999986        1069.48414404440     
   9.23999999999986        1069.50505014100     
   9.24999999999986        1069.52574769814     
   9.25999999999986        1069.54624204610     
   9.26999999999986        1069.56653946502     
   9.27999999999986        1069.58663414529     
   9.28999999999986        1069.60653207622     
   9.29999999999986        1069.62623755785     
   9.30999999999985        1069.64574909458     
   9.31999999999985        1069.66506946186     
   9.32999999999985        1069.68420085169     
   9.33999999999985        1069.70314186527     
   9.34999999999985        1069.72189932656     
   9.35999999999985        1069.74047464614     
   9.36999999999985        1069.75886261075     
   9.37999999999985        1069.77707552388     
   9.38999999999985        1069.79510856092     
   9.39999999999985        1069.81296575679     
   9.40999999999985        1069.83064661995     
   9.41999999999985        1069.84815355666     
   9.42999999999985        1069.86549081154     
   9.43999999999985        1069.88265717088     
   9.44999999999985        1069.89965398583     
   9.45999999999985        1069.91648775696     
   9.46999999999985        1069.93315330636     
   9.47999999999985        1069.94965667287     
   9.48999999999985        1069.96599943235     
   9.49999999999985        1069.98218078392     
   9.50999999999985        1069.99820457642     
   9.51999999999985        1070.01407036635     
   9.52999999999985        1070.02978039478     
   9.53999999999985        1070.04533833085     
   9.54999999999985        1070.06074232609     
   9.55999999999985        1070.07599553517     
   9.56999999999985        1070.09110026858     
   9.57999999999985        1070.10605833350     
   9.58999999999985        1070.12086458794     
   9.59999999999985        1070.13552913939     
   9.60999999999985        1070.15004879227     
   9.61999999999985        1070.16442949651     
   9.62999999999985        1070.17866652814     
   9.63999999999985        1070.19276683842     
   9.64999999999985        1070.20672534244     
   9.65999999999985        1070.22054646988     
   9.66999999999985        1070.23423577406     
   9.67999999999985        1070.24779044359     
   9.68999999999985        1070.26121092264     
   9.69999999999985        1070.27450130354     
   9.70999999999985        1070.28766078659     
   9.71999999999985        1070.30069400362     
   9.72999999999985        1070.31359703866     
   9.73999999999985        1070.32637334081     
   9.74999999999985        1070.33902603284     
   9.75999999999985        1070.35155066948     
   9.76999999999985        1070.36395683925     
   9.77999999999984        1070.37623906543     
   9.78999999999984        1070.38840474575     
   9.79999999999984        1070.40044635121     
   9.80999999999984        1070.41237245978     
   9.81999999999984        1070.42418394769     
   9.82999999999984        1070.43587672857     
   9.83999999999984        1070.44745557155     
   9.84999999999984        1070.45892411538     
   9.85999999999984        1070.47027657974     
   9.86999999999984        1070.48151817049     
   9.87999999999984        1070.49265274892     
   9.88999999999984        1070.50367623985     
   9.89999999999984        1070.51458980130     
   9.90999999999984        1070.52539952058     
   9.91999999999984        1070.53610228731     
   9.92999999999984        1070.54670056029     
   9.93999999999984        1070.55719607543     
   9.94999999999984        1070.56758589920     
   9.95999999999984        1070.57787819387     
   9.96999999999984        1070.58806716215     
   9.97999999999984        1070.59815624807     
   9.98999999999984        1070.60814825224     
   9.99999999999984        1070.61804078700     
   10.0099999999998        1070.62783710143     
   10.0199999999998        1070.63753634671     
   10.0299999999998        1070.64714245509     
   10.0399999999998        1070.65665665106     
   10.0499999999998        1070.66607500251     
   10.0599999999998        1070.67540124238     
   10.0699999999998        1070.68463453909     
   10.0799999999998        1070.69378186916     
   10.0899999999998        1070.70283665558     
   10.0999999999998        1070.71180147040     
   10.1099999999998        1070.72068259220     
   10.1199999999998        1070.72947458310     
   10.1299999999998        1070.73818004727     
   10.1399999999998        1070.74680134408     
   10.1499999999998        1070.75533749129     
   10.1599999999998        1070.76379259578     
   10.1699999999998        1070.77216252668     
   10.1799999999998        1070.78045168008     
   10.1899999999998        1070.78865720694     
   10.1999999999998        1070.79678607734     
   10.2099999999998        1070.80483182311     
   10.2199999999998        1070.81280297996     
   10.2299999999998        1070.82069548872     
   10.2399999999998        1070.82850831251     
   10.2499999999998        1070.83624682764     
   10.2599999999998        1070.84390879876     
   10.2699999999998        1070.85149650276     
   10.2799999999998        1070.85900684588     
   10.2899999999998        1070.86644902700     
   10.2999999999998        1070.87381549211     
   10.3099999999998        1070.88110972798     
   10.3199999999998        1070.88833333529     
   10.3299999999998        1070.89548647564     
   10.3399999999998        1070.90256961620     
   10.3499999999998        1070.90958302863     
   10.3599999999998        1070.91652938218     
   10.3699999999998        1070.92340630618     
   10.3799999999998        1070.93021412315     
   10.3899999999998        1070.93695988902     
   10.3999999999998        1070.94363613292     
   10.4099999999998        1070.95024885065     
   10.4199999999998        1070.95679629445     
   10.4299999999998        1070.96328049867     
   10.4399999999998        1070.96970183889     
   10.4499999999998        1070.97605863092     
   10.4599999999998        1070.98235546298     
   10.4699999999998        1070.98858892197     
   10.4799999999998        1070.99476276234     
   10.4899999999998        1071.00087468033     
   10.4999999999998        1071.00692893790     
   10.5099999999998        1071.01292198924     
   10.5199999999998        1071.01885764982     
   10.5299999999998        1071.02473661536     
   10.5399999999998        1071.03055705931     
   10.5499999999998        1071.03632066970     
   10.5599999999998        1071.04202865562     
   10.5699999999998        1071.04767875170     
   10.5799999999998        1071.05327494796     
   10.5899999999998        1071.05881611059     
   10.5999999999998        1071.06430536257     
   10.6099999999998        1071.06973830528     
   10.6199999999998        1071.07511818787     
   10.6299999999998        1071.08044697341     
   10.6399999999998        1071.08572079666     
   10.6499999999998        1071.09094697971     
   10.6599999999998        1071.09612092599     
   10.6699999999998        1071.10124428373     
   10.6799999999998        1071.10631696048     
   10.6899999999998        1071.11134126399     
   10.6999999999998        1071.11631711052     
   10.7099999999998        1071.12124327144     
   10.7199999999998        1071.12612241237     
   10.7299999999998        1071.13095061268     
   10.7399999999998        1071.13573398214     
   10.7499999999998        1071.14047099438     
   10.7599999999998        1071.14516062023     
   10.7699999999998        1071.14980577000     
   10.7799999999998        1071.15440605677     
   10.7899999999998        1071.15895919275     
   10.7999999999998        1071.16346937219     
   10.8099999999998        1071.16793534368     
   10.8199999999998        1071.17235884298     
   10.8299999999998        1071.17673680732     
   10.8399999999998        1071.18107335137     
   10.8499999999998        1071.18536823887     
   10.8599999999998        1071.18962082417     
   10.8699999999998        1071.19383164844     
   10.8799999999998        1071.19800268842     
   10.8899999999998        1071.20212992019     
   10.8999999999998        1071.20622148308     
   10.9099999999998        1071.21026908473     
   10.9199999999998        1071.21428183443     
   10.9299999999998        1071.21824961388     
   10.9399999999998        1071.22218289891     
   10.9499999999998        1071.22607353530     
   10.9599999999998        1071.22992892152     
   10.9699999999998        1071.23374780528     
   10.9799999999998        1071.23752791808     
   10.9899999999998        1071.24127331028     
   10.9999999999998        1071.24498187489     
   11.0099999999998        1071.24865213365     
   11.0199999999998        1071.25228623081     
   11.0299999999998        1071.25588798626     
   11.0399999999998        1071.25945401231     
   11.0499999999998        1071.26298244616     
   11.0599999999998        1071.26647968627     
   11.0699999999998        1071.26994117928     
   11.0799999999998        1071.27336873572     
   11.0899999999998        1071.27676274478     
   11.0999999999998        1071.28012566694     
   11.1099999999998        1071.28345135436     
   11.1199999999998        1071.28674885399     
   11.1299999999998        1071.29001640783     
   11.1399999999998        1071.29324569418     
   11.1499999999998        1071.29644692825     
   11.1599999999998        1071.29961757285     
   11.1699999999998        1071.30275526260     
   11.1799999999998        1071.30586429100     
   11.1899999999998        1071.30894313424     
   11.1999999999998        1071.31199108801     
   11.2099999999998        1071.31500946460     
   11.2199999999998        1071.31799640278     
   11.2299999999998        1071.32095784588     
   11.2399999999998        1071.32388703159     
   11.2499999999998        1071.32679238704     
   11.2599999999998        1071.32966594009     
   11.2699999999998        1071.33251161385     
   11.2799999999998        1071.33533025550     
   11.2899999999998        1071.33812108311     
   11.2999999999998        1071.34088612668     
   11.3099999999998        1071.34362154474     
   11.3199999999998        1071.34633364280     
   11.3299999999998        1071.34901861252     
   11.3399999999998        1071.35167490730     
   11.3499999999998        1071.35430713439     
   11.3599999999998        1071.35691472668     
   11.3699999999998        1071.35949573496     
   11.3799999999998        1071.36205286597     
   11.3899999999998        1071.36458355141     
   11.3999999999998        1071.36708773251     
   11.4099999999998        1071.36957005542     
   11.4199999999998        1071.37202959114     
   11.4299999999998        1071.37446372750     
   11.4399999999998        1071.37687156240     
   11.4499999999998        1071.37925944272     
   11.4599999999998        1071.38162424670     
   11.4699999999998        1071.38396396301     
   11.4799999999998        1071.38628432767     
   11.4899999999998        1071.38857776478     
   11.4999999999998        1071.39085247964     
   11.5099999999998        1071.39310216755     
   11.5199999999998        1071.39532916847     
   11.5299999999998        1071.39753872797     
   11.5399999999998        1071.39972342742     
   11.5499999999998        1071.40188908318     
   11.5599999999998        1071.40403368764     
   11.5699999999998        1071.40615489423     
   11.5799999999998        1071.40825765251     
   11.5899999999998        1071.41033838863     
   11.5999999999998        1071.41240017580     
   11.6099999999998        1071.41444225433     
   11.6199999999998        1071.41646611972     
   11.6299999999998        1071.41846668955     
   11.6399999999998        1071.42044837219     
   11.6499999999998        1071.42241039506     
   11.6599999999998        1071.42435448954     
   11.6699999999998        1071.42628034965     
   11.6799999999998        1071.42818727870     
   11.6899999999998        1071.43007458832     
   11.6999999999998        1071.43194469232     
   11.7099999999998        1071.43379871502     
   11.7199999999998        1071.43563180036     
   11.7299999999998        1071.43744553737     
   11.7399999999998        1071.43924436722     
   11.7499999999998        1071.44102450452     
   11.7599999999998        1071.44278761061     
   11.7699999999998        1071.44453330796     
   11.7799999999998        1071.44626322223     
   11.7899999999998        1071.44797464442     
   11.7999999999998        1071.44966946338     
   11.8099999999998        1071.45134902563     
   11.8199999999998        1071.45301463439     
   11.8299999999998        1071.45465976451     
   11.8399999999998        1071.45628927495     
   11.8499999999998        1071.45790658369     
   11.8599999999998        1071.45950463515     
   11.8699999999998        1071.46109080162     
   11.8799999999998        1071.46265684164     
   11.8899999999998        1071.46421203534     
   11.8999999999998        1071.46574895105     
   11.9099999999998        1071.46727164024     
   11.9199999999998        1071.46877996795     
   11.9299999999998        1071.47027500221     
   11.9399999999998        1071.47175357452     
   11.9499999999998        1071.47321955773     
   11.9599999999998        1071.47466754789     
   11.9699999999998        1071.47610576936     
   11.9799999999998        1071.47752763022     
   11.9899999999998        1071.47893732227     
   11.9999999999998        1071.48033270435     
   12.0099999999998        1071.48171233849     
   12.0199999999998        1071.48308147818     
   12.0299999999998        1071.48443814534     
   12.0399999999998        1071.48577667351     
   12.0499999999998        1071.48710711975     
   12.0599999999998        1071.48842432497     
   12.0699999999998        1071.48972827412     
   12.0799999999998        1071.49101596202     
   12.0899999999998        1071.49229282095     
   12.0999999999998        1071.49355934668     
   12.1099999999998        1071.49481479122     
   12.1199999999998        1071.49605406872     
   12.1299999999998        1071.49728562060     
   12.1399999999998        1071.49850172342     
   12.1499999999998        1071.49970663389     
   12.1599999999998        1071.50089892323     
   12.1699999999998        1071.50208265532     
   12.1799999999998        1071.50325501085     
   12.1899999999998        1071.50441232536     
   12.1999999999998        1071.50555992009     
   12.2099999999998        1071.50669578369     
   12.2199999999998        1071.50782349704     
   12.2299999999998        1071.50893945800     
   12.2399999999998        1071.51004196373     
   12.2499999999998        1071.51113704919     
   12.2599999999998        1071.51221932447     
   12.2699999999998        1071.51329038887     
   12.2799999999998        1071.51435249314     
   12.2899999999998        1071.51540524589     
   12.2999999999998        1071.51644616246     
   12.3099999999998        1071.51747730196     
   12.3199999999998        1071.51849778174     
   12.3299999999998        1071.51951176186     
   12.3399999999998        1071.52051237634     
   12.3499999999998        1071.52150403955     
   12.3599999999998        1071.52248637767     
   12.3699999999998        1071.52346026670     
   12.3799999999998        1071.52442154475     
   12.3899999999998        1071.52537742997     
   12.3999999999998        1071.52632201832     
   12.4099999999998        1071.52725794126     
   12.4199999999998        1071.52818309160     
   12.4299999999998        1071.52910324885     
   12.4399999999998        1071.53001112004     
   12.4499999999998        1071.53091338696     
   12.4599999999998        1071.53180296021     
   12.4699999999998        1071.53268363109     
   12.4799999999998        1071.53355969183     
   12.4899999999998        1071.53442395887     
   12.4999999999998        1071.53528082791     
   12.5099999999998        1071.53613050458     
   12.5199999999998        1071.53697130001     
   12.5299999999998        1071.53780437140     
   12.5399999999998        1071.53862868202     
   12.5499999999998        1071.53944604120     
   12.5599999999998        1071.54025466691     
   12.5699999999998        1071.54105322778     
   12.5799999999998        1071.54184832862     
   12.5899999999998        1071.54263250316     
   12.5999999999998        1071.54341171048     
   12.6099999999998        1071.54418193054     
   12.6199999999998        1071.54494343648     
   12.6299999999998        1071.54570004587     
   12.6399999999998        1071.54644794260     
   12.6499999999998        1071.54718845189     
   12.6599999999998        1071.54792324964     
   12.6699999999998        1071.54864942201     
   12.6799999999998        1071.54936829818     
   12.6899999999998        1071.55008210685     
   12.6999999999998        1071.55078644092     
   12.7099999999998        1071.55148587698     
   12.7199999999998        1071.55217800645     
   12.7299999999998        1071.55286266756     
   12.7399999999998        1071.55354164589     
   12.7499999999998        1071.55421293551     
   12.7599999999998        1071.55487952197     
   12.7699999999998        1071.55553845340     
   12.7799999999998        1071.55619142001     
   12.7899999999998        1071.55683751805     
   12.7999999999998        1071.55747853965     
   12.8099999999998        1071.55811308411     
   12.8199999999998        1071.55874099930     
   12.8299999999998        1071.55936203427     
   12.8399999999998        1071.55997838426     
   12.8499999999998        1071.56058870236     
   12.8599999999998        1071.56119308976     
   12.8699999999998        1071.56179065048     
   12.8799999999998        1071.56238273508     
   12.8899999999998        1071.56296964702     
   12.8999999999998        1071.56355149100     
   12.9099999999998        1071.56412547822     
   12.9199999999998        1071.56469670533     
   12.9299999999998        1071.56526088802     
   12.9399999999998        1071.56581988090     
   12.9499999999998        1071.56637099815     
   12.9599999999998        1071.56692098636     
   12.9699999999998        1071.56746381773     
   12.9799999999998        1071.56800154948     
   12.9899999999998        1071.56853449295     
   12.9999999999998        1071.56905971650     
   13.0099999999998        1071.56958407009     
   13.0199999999998        1071.57009988274     
   13.0299999999998        1071.57061285801     
   13.0399999999998        1071.57112001707     
   13.0499999999998        1071.57162147570     
   13.0599999999998        1071.57211859788     
   13.0699999999998        1071.57261160043     
   13.0799999999998        1071.57310095033     
   13.0899999999998        1071.57358322272     
   13.0999999999998        1071.57405938477     
   13.1099999999998        1071.57453544439     
   13.1199999999998        1071.57500448528     
   13.1299999999998        1071.57547042057     
   13.1399999999998        1071.57592957872     
   13.1499999999998        1071.57638477605     
   13.1599999999998        1071.57683713277     
   13.1699999999998        1071.57728332822     
   13.1799999999998        1071.57772623020     
   13.1899999999998        1071.57816641145     
   13.1999999999998        1071.57860085226     
   13.2099999999998        1071.57902897857     
   13.2199999999998        1071.57945500748     
   13.2299999999998        1071.57987851559     
   13.2399999999998        1071.58029433920     
   13.2499999999998        1071.58070859305     
   13.2599999999998        1071.58111845975     
   13.2699999999998        1071.58152376715     
   13.2799999999998        1071.58192783675     
   13.2899999999998        1071.58232495802     
   13.2999999999998        1071.58271780453     
   13.3099999999998        1071.58310919994     
   13.3199999999998        1071.58349593008     
   13.3299999999998        1071.58387917253     
   13.3399999999998        1071.58425591353     
   13.3499999999998        1071.58463192249     
   13.3599999999998        1071.58500488497     
   13.3699999999998        1071.58537138897     
   13.3799999999998        1071.58573780384     
   13.3899999999998        1071.58609942084     
   13.3999999999998        1071.58645642202     
   13.4099999999998        1071.58680958857     
   13.4199999999998        1071.58716184788     
   13.4299999999998        1071.58750854239     
   13.4399999999998        1071.58785190144     
   13.4499999999998        1071.58819360575     
   13.4599999999998        1071.58853029616     
   13.4699999999998        1071.58886490153     
   13.4799999999998        1071.58919461223     
   13.4899999999998        1071.58952380486     
   13.4999999999998        1071.58984812336     
   13.5099999999998        1071.59016800254     
   13.5199999999998        1071.59048767018     
   13.5299999999998        1071.59080247156     
   13.5399999999998        1071.59111543728     
   13.5499999999998        1071.59142470766     
   13.5599999999998        1071.59173136760     
   13.5699999999998        1071.59203246009     
   13.5799999999998        1071.59233470951     
   13.5899999999998        1071.59263291365     
   13.5999999999998        1071.59292740983     
   13.6099999999998        1071.59321908446     
   13.6199999999998        1071.59350887409     
   13.6299999999998        1071.59379367337     
   13.6399999999998        1071.59407651520     
   13.6499999999998        1071.59435773792     
   13.6599999999998        1071.59463638263     
   13.6699999999998        1071.59491039275     
   13.6799999999998        1071.59518629519     
   13.6899999999998        1071.59545439864     
   13.6999999999998        1071.59572412475     
   13.7099999999998        1071.59598732957     
   13.7199999999998        1071.59624999184     
   13.7299999999998        1071.59650955705     
   13.7399999999998        1071.59676601598     
   13.7499999999998        1071.59702210418     
   13.7599999999998        1071.59727402016     
   13.7699999999998        1071.59752345181     
   13.7799999999998        1071.59777283584     
   13.7899999999998        1071.59801672440     
   13.7999999999998        1071.59825890184     
   13.8099999999998        1071.59850010857     
   13.8199999999998        1071.59873659395     
   13.8299999999998        1071.59897264180     
   13.8399999999998        1071.59920654775     
   13.8499999999998        1071.59943715653     
   13.8599999999998        1071.59966685607     
   13.8699999999998        1071.59989399234     
   13.8799999999998        1071.60011895747     
   13.8899999999998        1071.60034144504     
   13.8999999999998        1071.60056199716     
   13.9099999999998        1071.60078080669     
   13.9199999999998        1071.60099597075     
   13.9299999999998        1071.60121102597     
   13.9399999999998        1071.60142297185     
   13.9499999999998        1071.60163359860     
   13.9599999999998        1071.60184180230     
   13.9699999999998        1071.60204642916     
   13.9799999999998        1071.60225121602     
   13.9899999999998        1071.60245066776     
   13.9999999999998        1071.60265326220     
   14.0099999999998        1071.60285051031     
   14.0199999999998        1071.60304714739     
   14.0299999999998        1071.60324256924     
   14.0399999999998        1071.60343257876     
   14.0499999999998        1071.60362191157     
   14.0599999999998        1071.60381126123     
   14.0699999999998        1071.60400047306     
   14.0799999999998        1071.60418400298     
   14.0899999999998        1071.60437047938     
   14.0999999999998        1071.60454921837     
   14.1099999999998        1071.60473039551     
   14.1199999999998        1071.60490926552     
   14.1299999999998        1071.60508447654     
   14.1399999999998        1071.60525946755     
   14.1499999999998        1071.60543253757     
   14.1599999999998        1071.60560423135     
   14.1699999999998        1071.60577409560     
   14.1799999999998        1071.60594167719     
   14.1899999999998        1071.60610896827     
   14.1999999999998        1071.60627317037     
   14.2099999999998        1071.60643622590     
   14.2199999999998        1071.60659698334     
   14.2299999999997        1071.60675873260     
   14.2399999999997        1071.60691922444     
   14.2499999999997        1071.60707461280     
   14.2599999999997        1071.60723063304     
   14.2699999999997        1071.60738418776     
   14.2799999999997        1071.60753761905     
   14.2899999999997        1071.60768917704     
   14.2999999999997        1071.60784025578     
   14.3099999999997        1071.60798601151     
   14.3199999999997        1071.60813282871     
   14.3299999999997        1071.60827900764     
   14.3399999999997        1071.60842185056     
   14.3499999999997        1071.60856539663     
   14.3599999999997        1071.60870644923     
   14.3699999999997        1071.60884570416     
   14.3799999999997        1071.60898440623     
   14.3899999999997        1071.60912150473     
   14.3999999999997        1071.60925879352     
   14.4099999999997        1071.60939367503     
   14.4199999999997        1071.60952594707     
   14.4299999999997        1071.60965805235     
   14.4399999999997        1071.60979023792     
   14.4499999999997        1071.60991706194     
   14.4599999999997        1071.61004530881     
   14.4699999999997        1071.61017268065     
   14.4799999999997        1071.61029927497     
   14.4899999999997        1071.61042264430     
   14.4999999999997        1071.61054847532     
   14.5099999999997        1071.61067022861     
   14.5199999999997        1071.61079149505     
   14.5299999999997        1071.61091232241     
   14.5399999999997        1071.61103006384     
   14.5499999999997        1071.61114841012     
   14.5599999999997        1071.61126331715     
   14.5699999999997        1071.61137762743     
   14.5799999999997        1071.61149378431     
   14.5899999999997        1071.61160564788     
   14.5999999999997        1071.61171945416     
   14.6099999999997        1071.61183011127     
   14.6199999999997        1071.61193951374     
   14.6299999999997        1071.61204820878     
   14.6399999999997        1071.61215739235     
   14.6499999999997        1071.61226182300     
   14.6599999999997        1071.61236898450     
   14.6699999999997        1071.61247308653     
   14.6799999999997        1071.61257702188     
   14.6899999999997        1071.61268058938     
   14.6999999999997        1071.61278209084     
   14.7099999999997        1071.61288297191     
   14.7199999999997        1071.61298233292     
   14.7299999999997        1071.61308137009     
   14.7399999999997        1071.61317993231     
   14.7499999999997        1071.61327776866     
   14.7599999999997        1071.61337248247     
   14.7699999999997        1071.61346751571     
   14.7799999999997        1071.61356261757     
   14.7899999999997        1071.61365349508     
   14.7999999999997        1071.61374618527     
   14.8099999999997        1071.61384048727     
   14.8199999999997        1071.61392921389     
   14.8299999999997        1071.61401895109     
   14.8399999999997        1071.61410904898     
   14.8499999999997        1071.61419666195     
   14.8599999999997        1071.61428493275     
   14.8699999999997        1071.61436941895     
   14.8799999999997        1071.61445580838     
   14.8899999999997        1071.61454090617     
   14.8999999999997        1071.61462496082     
   14.9099999999997        1071.61470802122     
   14.9199999999997        1071.61478978695     
   14.9299999999997        1071.61487265233     
   14.9399999999997        1071.61495362225     
   14.9499999999997        1071.61503314489     
   14.9599999999997        1071.61511176826     
   14.9699999999997        1071.61519038966     
   14.9799999999997        1071.61526696221     
   14.9899999999997        1071.61534602619     
   14.9999999999997        1071.61542089374     
