   2.60000000000000        76.3749509867820     
   2.65000000000000        31.7858736606350     
   2.70000000000000        7.69014386598278     
   2.75000000000000       0.000000000000000E+000
   2.80000000000000        5.29537435319238     
   2.85000000000000        20.7251810999200     
   2.90000000000000        43.9221794089242     
   2.95000000000000        72.9298128661044     
   3.00000000000000        106.139384349901     
   3.05000000000000        142.236279466474     
   3.10000000000000        180.153973332396     
   3.15000000000000        219.034645777084     
   3.20000000000000        258.195626579979     
   3.25000000000000        297.100645200006     
   3.30000000000000        335.335386438029     
   3.35000000000000        372.586587978007     
   3.40000000000000        408.624318106592     
   3.45000000000000        443.286868024055     
   3.50000000000000        476.467983384484     
   3.55000000000000        508.106067331859     
   3.60000000000000        538.137769969645     
   3.65000000000000        566.215305299307     
   3.70000000000000        592.793577897799     
   3.75000000000000        617.900687648901     
   3.80000000000000        641.578704987195     
   3.85000000000000        663.879864524319     
   3.90000000000000        684.863472896131     
   3.95000000000000        704.593362985732     
   4.00000000000000        723.135875982074     
   4.05000000000000        740.558239868075     
   4.10000000000000        756.927314943754     
   4.15000000000000        772.308618704381     
   4.20000000000000        786.765611032660     
   4.25000000000000        800.359175148938     
   4.30000000000000        813.147256842205     
   4.35000000000000        825.184635137814     
   4.40000000000000        836.522830078225     
   4.45000000000000        847.210051182009     
   4.50000000000000        857.291234256476     
   4.55000000000000        866.808128016733     
   4.60000000000000        875.799413395346     
   4.65000000000000        884.300846798131     
   4.70000000000000        892.345421034045     
   4.75000000000000        899.963535395247     
   4.80000000000000        907.183174879892     
   4.85000000000000        914.030078899161     
   4.90000000000000        920.527924533861     
   4.95000000000000        926.698482008891     
   5.00000000000001        932.561774179361     
   5.05000000000001        938.136238538505     
   5.10000000000000        943.438846187293     
   5.15000000000001        948.485259437752     
   5.20000000000001        953.289927717437     
   5.25000000000001        957.866220148407     
   5.30000000000001        962.226507276774     
   5.35000000000001        966.382270571109     
   5.40000000000001        970.344174361266     
   5.45000000000001        974.122151638496     
   5.50000000000001        977.725468241100     
   5.55000000000001        981.162779810983     
   5.60000000000001        984.442199493298     
   5.65000000000001        987.571330567882     
   5.70000000000001        990.557327050875     
   5.75000000000001        993.406920375463     
   5.80000000000001        996.126468833443     
   5.85000000000001        998.721972727853     
   5.90000000000001        1001.19911862395     
   5.95000000000001        1003.56328436104     
   6.00000000000001        1005.81958836839     
   6.05000000000001        1007.97287963566     
   6.10000000000001        1010.02778402984     
   6.15000000000001        1011.98869780950     
   6.20000000000001        1013.85981279833     
   6.25000000000001        1015.64512876873     
   6.30000000000001        1017.34846443934     
   6.35000000000001        1018.97346265534     
   6.40000000000001        1020.52360824976     
   6.45000000000001        1022.00222837480     
   6.50000000000001        1023.41251170934     
   6.55000000000001        1024.75750287099     
   6.60000000000001        1026.04011711287     
   6.65000000000001        1027.26314285857     
   6.70000000000001        1028.42924919703     
   6.75000000000001        1029.54099444119     
   6.80000000000001        1030.60082121218     
   6.85000000000001        1031.61106907301     
   6.90000000000001        1032.57398430298     
   6.95000000000001        1033.49170954891     
   7.00000000000001        1034.36629566424     
   7.05000000000001        1035.19971208645     
   7.10000000000001        1035.99383095137     
   7.15000000000001        1036.75045698912     
   7.20000000000001        1037.47130933419     
   7.25000000000001        1038.15803426035     
   7.30000000000001        1038.81220254405     
   7.35000000000001        1039.43531884207     
   7.40000000000001        1040.02882423015     
   7.45000000000001        1040.59409022325     
   7.50000000000001        1041.13243601216     
   7.55000000000001        1041.64511022985     
   7.60000000000001        1042.13331678218     
   7.65000000000001        1042.59819992050     
   7.70000000000001        1043.04085525434     
   7.75000000000001        1043.46232570871     
   7.80000000000001        1043.86361177362     
   7.85000000000001        1044.24565976665     
   7.90000000000001        1044.60938581486     
   7.95000000000001        1044.95565154509     
   8.00000000000001        1045.28528523091     
   8.05000000000001        1045.59907728837     
   8.10000000000001        1045.89777960155     
   8.15000000000001        1046.18211517736     
   8.20000000000001        1046.45276106441     
   8.25000000000001        1046.71037461669     
   8.30000000000001        1046.95557782961     
   8.35000000000001        1047.18896404022     
   8.40000000000001        1047.41109673060     
   8.45000000000001        1047.62251930298     
   8.50000000000001        1047.82374249289     
   8.55000000000001        1048.01525524482     
   8.60000000000001        1048.19752512148     
   8.65000000000001        1048.37099639876     
   8.70000000000001        1048.53609099980     
   8.75000000000001        1048.69321365392     
   8.80000000000001        1048.84274745178     
   8.85000000000001        1048.98505845078     
   8.90000000000001        1049.12049357713     
   8.95000000000000        1049.24938663099     
   9.00000000000000        1049.37205182165     
   9.05000000000000        1049.48879211512     
   9.10000000000000        1049.59988932701     
   9.15000000000000        1049.70562082167     
   9.20000000000000        1049.80624265189     
   9.25000000000000        1049.90200314563     
   9.30000000000000        1049.99313513049     
   9.35000000000000        1050.07986935327     
   9.40000000000000        1050.16240890055     
   9.45000000000000        1050.24096096352     
   9.50000000000000        1050.31572241834     
   9.55000000000000        1050.38687252403     
   9.59999999999999        1050.45458744414     
   9.64999999999999        1050.51903069945     
   9.69999999999999        1050.58036240839     
   9.74999999999999        1050.63873364627     
   9.79999999999999        1050.69428951572     
   9.84999999999999        1050.74716501427     
   9.89999999999999        1050.79748934408     
   9.94999999999999        1050.84538537872     
   9.99999999999999        1050.89096778686     
   10.0500000000000        1050.93435744523     
   10.1000000000000        1050.97565143938     
   10.1500000000000        1051.01495583607     
   10.2000000000000        1051.05236629990     
   10.2500000000000        1051.08797421503     
   10.3000000000000        1051.12186649088     
   10.3500000000000        1051.15412536560     
   10.4000000000000        1051.18483228231     
   10.4500000000000        1051.21405935739     
   10.5000000000000        1051.24188077344     
   10.5500000000000        1051.26836397344     
   10.6000000000000        1051.29357229832     
   10.6500000000000        1051.31756605133     
   10.7000000000000        1051.34040958673     
   10.7500000000000        1051.36215120145     
   10.8000000000000        1051.38285035433     
   10.8500000000000        1051.40255342586     
   10.9000000000000        1051.42131160976     
   10.9500000000000        1051.43916640889     
   11.0000000000000        1051.45616543993     
   11.0500000000000        1051.47234664917     
   11.1000000000000        1051.48775290065     
   11.1500000000000        1051.50241863277     
   11.2000000000000        1051.51638206572     
   11.2500000000000        1051.52967419051     
   11.3000000000000        1051.54233118659     
   11.3500000000000        1051.55437696057     
   11.4000000000000        1051.56584985237     
   11.4500000000000        1051.57677079825     
   11.5000000000000        1051.58716926712     
   11.5500000000000        1051.59706765512     
   11.6000000000000        1051.60649594188     
   11.6500000000000        1051.61546968246     
   11.7000000000000        1051.62401401788     
   11.7500000000000        1051.63215265778     
   11.8000000000000        1051.63990040374     
   11.8500000000000        1051.64727567815     
   11.9000000000000        1051.65429897089     
   11.9500000000000        1051.66098583260     
   12.0000000000000        1051.66735347524     
   12.0500000000000        1051.67342031606     
   12.1000000000000        1051.67919497005     
   12.1500000000000        1051.68469475996     
   12.2000000000000        1051.68993056473     
   12.2500000000000        1051.69491514239     
   12.2999999999999        1051.69966468587     
   12.3499999999999        1051.70418592378     
   12.3999999999999        1051.70849053343     
   12.4499999999999        1051.71259175294     
   12.4999999999999        1051.71649601651     
   12.5499999999999        1051.72021610866     
   12.5999999999999        1051.72375793114     
   12.6499999999999        1051.72712968629     
   12.6999999999999        1051.73034373277     
   12.7499999999999        1051.73340327941     
   12.7999999999999        1051.73631653310     
   12.8499999999999        1051.73908994373     
   12.8999999999999        1051.74173373148     
   12.9499999999999        1051.74425180030     
   12.9999999999999        1051.74664712585     
   13.0499999999999        1051.74893104063     
   13.0999999999999        1051.75110382979     
   13.1499999999999        1051.75317789677     
   13.1999999999999        1051.75515008208     
   13.2499999999999        1051.75702832972     
   13.2999999999999        1051.75881968088     
   13.3499999999999        1051.76052341102     
   13.3999999999999        1051.76214777303     
   13.4499999999999        1051.76369310817     
   13.4999999999999        1051.76516654723     
   13.5499999999999        1051.76657066467     
   13.5999999999999        1051.76790860184     
   13.6499999999999        1051.76918090826     
   13.6999999999999        1051.77039505904     
   13.7499999999999        1051.77155077118     
   13.7999999999999        1051.77264952360     
   13.8499999999999        1051.77369878854     
   13.8999999999999        1051.77469794937     
   13.9499999999999        1051.77564982010     
   13.9999999999999        1051.77655624534     
   14.0499999999999        1051.77741839348     
   14.0999999999999        1051.77824044227     
   14.1499999999999        1051.77902493250     
   14.1999999999999        1051.77977306179     
   14.2499999999999        1051.78048358211     
   14.2999999999999        1051.78116097912     
   14.3499999999999        1051.78180698481     
   14.3999999999999        1051.78242152198     
   14.4499999999999        1051.78300814026     
   14.4999999999999        1051.78356378311     
   14.5499999999999        1051.78409754817     
   14.5999999999999        1051.78460518497     
   14.6499999999999        1051.78508830470     
   14.6999999999999        1051.78554719239     
   14.7499999999999        1051.78598799077     
   14.7999999999999        1051.78640323689     
   14.8499999999999        1051.78680005518     
   14.8999999999999        1051.78718254057     
   14.9499999999999        1051.78754202590     
