   11
 MP2/AVTZ  ENERGY=-689.34290052
 H          1.1388873455       -1.4427011161       -0.0076176110
 H          0.2594364707       -2.6052908381       -0.5547915790
 H          3.0691569292       -0.2286133349       -0.7988955800
 H          1.9950320174        0.5765089693       -0.0332599984
 H         -0.0072761865        1.5870939448       -0.0161226103
 H          0.8636425990        2.4925754684        0.8596568244
 O          0.2832510638       -1.9158456977        0.1159928901
 O          2.4383490639       -0.2964987149       -0.0772549814
 O          0.8860878206        1.9618710032        0.0577034746
 H         -0.8697125437       -0.8434133619       -0.0368639739
 Cl        -1.7781785542        0.1353626471       -0.1564667943

