   11
 MP2/AVTZ  ENERGY=-689.34298869
 H          1.1479492526       -1.4543018378       -0.1290033199
 H          0.3378253871       -2.4478556382        0.7498446566
 H          3.0264130434       -0.3782516740       -1.0141374790
 H          2.0685232161        0.5265177737       -0.2051134077
 H          0.0463412875        1.5512958531       -0.0091756345
 H          0.9076083427        2.7250317695       -0.4953126940
 O          0.2933607545       -1.9439322371       -0.0690180807
 O          2.4721559047       -0.3648058499       -0.2292626472
 O          0.9490387988        1.9097865434        0.0123622280
 H         -0.8489387884       -0.8602036847       -0.0641165508
 Cl        -1.7538576180        0.1320013848       -0.0764861036

