          13
           6
 H    6.35664700000000       -3.99334600000000       -2.68696400000000     
 H    6.05643000000000       -3.61116200000000       -1.29056700000000     
 H    4.25112500000000      -0.203670000000000       0.934661000000000     
 H    3.47898000000000      -3.346200000000000E-002 -0.260512000000000     
 H    3.19457100000000       -1.39578800000000       -2.81054700000000     
 H    4.70196200000000       -1.61594100000000       -2.69039400000000     
 O    6.49187400000000       -3.15498000000000       -2.20575900000000     
 O    3.37406300000000      -4.823800000000000E-002  0.659572000000000     
 O    3.86966500000000      -0.939345000000000       -2.37426800000000     
 H   -7.75833100000000        1.26366800000000        2.33604500000000     
 Cl  -6.86677900000000        2.17095300000000        1.97947400000000     
          13
          19
 H    5.43001300000000       -1.40326800000000       -5.34493400000000     
 H    3.88278400000000      -0.973829000000000       -5.27590000000000     
 H    4.55765300000000        2.29811400000000       -1.61074300000000     
 H    4.83218700000000        1.52914200000000       -2.99729700000000     
 H    2.74873800000000       0.477663000000000       -2.92731200000000     
 H    2.86753700000000       0.998087000000000       -4.28048200000000     
 O    4.82233900000000      -0.686729000000000       -5.44205200000000     
 O    4.98350500000000        1.51060100000000       -1.93670100000000     
 O    2.28308200000000       0.378554000000000       -3.76297600000000     
 H   -6.34095000000000       -1.77449100000000        5.04354800000000     
 Cl  -6.04587400000000      -0.583600000000000        5.59782800000000     
          13
          47
 H    4.76166500000000       -2.27789500000000      -0.153975000000000     
 H    3.29646000000000       -2.38769100000000      -0.342235000000000     
 H    4.86678000000000       0.401482000000000        2.06868100000000     
 H    5.87950700000000        1.23927000000000        1.66274700000000     
 H    5.44946000000000       -2.49459200000000       -3.06216000000000     
 H    6.23184300000000       -1.21127500000000       -3.06673400000000     
 O    4.00787700000000       -2.81265800000000      -0.591006000000000     
 O    5.59374700000000       0.398325000000000        1.42451300000000     
 O    6.14212800000000       -1.96335300000000       -2.59139400000000     
 H   -8.46167500000000        1.95256100000000        2.05458900000000     
 Cl  -7.83576600000000        2.14012900000000       0.828175000000000     
          13
          49
 H    5.54540700000000        4.35568500000000        3.91907000000000     
 H    4.45661300000000        3.46237400000000        3.19732000000000     
 H    2.72445200000000      -0.260689000000000        2.26247000000000     
 H    3.72804700000000      -0.975710000000000        1.39717400000000     
 H    3.46952400000000      -0.116404000000000        4.31260200000000     
 H    3.48266000000000        1.52404300000000        4.38002900000000     
 O    4.68939800000000        4.36823200000000        3.39201600000000     
 O    3.55104700000000      -0.387153000000000        2.07302500000000     
 O    3.00996500000000       0.717764000000000        4.86662600000000     
 H   -5.19712400000000       -1.46323100000000       -6.13928900000000     
 Cl  -5.67038000000000       -2.33639900000000       -5.10894900000000     
          13
          59
 H   0.656579000000000      -0.914709000000000       0.910796000000000     
 H    1.51620300000000       -1.88141900000000       0.431054000000000     
 H    4.13521700000000       -2.36109400000000       -1.61926300000000     
 H    5.17838500000000       -2.87146500000000      -0.896759000000000     
 H    6.97535400000000      -0.758458000000000       -1.31585800000000     
 H    7.80441000000000       -1.91096600000000      -0.455079000000000     
 O   0.561501000000000       -1.78898100000000       0.327242000000000     
 O    4.26486900000000       -2.65482800000000      -0.723693000000000     
 O    7.18547400000000       -1.64167500000000       -1.24681400000000     
 H   -7.34469500000000        2.76526700000000       0.386425000000000     
 Cl  -6.03947000000000        3.01230900000000       0.825402000000000     
          13
          60
 H    3.48734800000000      -0.878913000000000       -4.00128800000000     
 H    3.53721700000000       -2.34791400000000       -4.69519800000000     
 H    6.23688200000000        3.48789900000000       -1.62712200000000     
 H    6.77608700000000        2.13651800000000       -2.19516200000000     
 H    3.81065900000000        1.49722500000000       -3.64587000000000     
 H    4.11032700000000        1.44758800000000       -2.13906700000000     
 O    3.09443100000000       -1.45044100000000       -4.80194100000000     
 O    6.13025600000000        2.45754400000000       -1.64164300000000     
 O    3.65139000000000        1.03594900000000       -2.94332300000000     
 H   -7.51120200000000       -1.19896600000000        3.87161400000000     
 Cl  -6.47638600000000       -1.05690400000000        4.71009400000000     
          13
          82
 H    6.10679000000000       0.933551000000000        1.83561800000000     
 H    6.65985000000000      -0.261612000000000        2.58228100000000     
 H    4.84650200000000        2.58924500000000       2.652300000000000E-002
 H    6.18227400000000        2.00124800000000      -3.584600000000000E-002
 H    3.18938800000000        3.65255900000000       -2.01369100000000     
 H    3.99455200000000        4.89282000000000       -1.80867000000000     
 O    6.84010300000000       0.604771000000000        2.38210700000000     
 O    5.52882600000000        2.23598900000000       0.480470000000000     
 O    3.53676200000000        4.17779600000000       -1.30484400000000     
 H   -8.46221200000000       -2.51752900000000      -0.471284000000000     
 Cl  -7.92404800000000       -3.53578900000000      -0.715715000000000     
          13
          84
 H   -3.81707600000000        3.47808000000000        1.53998500000000     
 H   -3.52166000000000        3.56498400000000       6.254899999999999E-002
 H  -0.412868000000000        4.47295300000000       0.635534000000000     
 H   -1.55115900000000        3.51162000000000       0.823331000000000     
 H   -3.34588900000000        5.61932400000000        2.75990400000000     
 H   -2.19568800000000        4.89021800000000        2.58820300000000     
 O   -3.56269300000000        2.85553000000000       0.630862000000000     
 O   -1.18701600000000        4.24023200000000        1.28046400000000     
 O   -2.97269600000000        4.78429100000000        2.92851100000000     
 H    4.76741100000000       -6.78261100000000       -2.93383300000000     
 Cl   3.82503500000000       -5.97264500000000       -2.37190900000000     
          13
         101
 H   -1.63056700000000       -6.88716500000000       -3.72647400000000     
 H   -2.99865500000000       -6.96332100000000       -3.43494900000000     
 H   0.647549000000000       -4.00602300000000       -1.65391400000000     
 H  -0.807493000000000       -3.94904300000000       -2.40055700000000     
 H    2.03935400000000       -3.32880700000000       0.953906000000000     
 H    2.08510200000000       -1.92177700000000       0.215213000000000     
 O   -2.24754900000000       -6.21256400000000       -3.57986700000000     
 O   0.181417000000000       -4.01786900000000       -2.45930600000000     
 O    1.92155100000000       -2.87848500000000       2.313900000000000E-002
 H   0.294139000000000        6.56800700000000        4.19550100000000     
 Cl  7.690000000000000E-002   6.58642800000000        2.92064000000000     
          13
         104
 H    1.56526100000000       -5.85016500000000       -2.20289100000000     
 H    2.99932600000000       -6.61173600000000       -2.53530900000000     
 H   0.617731000000000       -2.67566200000000       -3.28270900000000     
 H   0.565323000000000       -2.78791600000000       -1.86227000000000     
 H   -1.20583100000000       -6.46262800000000       -3.14542300000000     
 H  -0.684913000000000       -4.95897300000000       -2.95540100000000     
 O    2.51178400000000       -5.98637800000000       -1.97615500000000     
 O  -3.599900000000000E-002  -2.89259500000000       -2.49333800000000     
 O  -0.441711000000000       -5.82972900000000       -3.04578200000000     
 H   -1.42170500000000        7.69158800000000        2.74653900000000     
 Cl  -1.00057000000000        7.35238200000000        3.81903900000000     
          13
         110
 H    2.05182400000000       0.759545000000000        1.46245500000000     
 H    2.25420400000000        1.04063500000000      -0.211078000000000     
 H    4.96305000000000       0.576900000000000        2.70581300000000     
 H    3.88458600000000       0.468406000000000        1.59607900000000     
 H    6.38271800000000      -0.251302000000000        1.68265200000000     
 H    7.52918900000000      -0.555067000000000       0.891456000000000     
 O    2.50876100000000        1.09737700000000       0.756243000000000     
 O    4.55321500000000      -2.398400000000000E-002   2.21743000000000     
 O    7.27809100000000       8.842800000000001E-002   1.51665900000000     
 H   -8.01763800000000       0.452091000000000       -2.16574500000000     
 Cl  -7.10737900000000      -0.603186000000000       -2.22530100000000     
          13
         121
 H    6.29418800000000       -2.21727600000000       -1.01062500000000     
 H    6.56150600000000       -2.20427600000000       0.625434000000000     
 H    4.91233200000000       -2.86226100000000       -3.18816200000000     
 H    3.84325800000000       -2.66818600000000       -2.06038400000000     
 H    4.35885000000000       -1.21716800000000      -0.586789000000000     
 H    3.15188500000000       -1.25139400000000       0.646226000000000     
 O    6.46118600000000       -1.74951800000000      -0.145471000000000     
 O    4.80979200000000       -2.94684500000000       -2.22941100000000     
 O    3.37681900000000      -0.934476000000000      -0.323584000000000     
 H   -8.52668100000000        2.72715900000000       0.936852000000000     
 Cl  -7.29345800000000        2.85490400000000        1.36790900000000     
          13
         123
 H    2.75836500000000       -1.18571600000000       0.452865000000000     
 H    3.68760800000000      -0.230256000000000      -0.749717000000000     
 H    4.55832700000000       -1.97087700000000       -4.45710400000000     
 H    4.45291700000000       -1.70542200000000       -2.84255900000000     
 H    6.56828900000000      -0.714930000000000      -0.362055000000000     
 H    7.50120600000000      -0.422471000000000       -1.51942000000000     
 O    2.99899100000000      -0.991836000000000      -0.492923000000000     
 O    4.74774700000000       -2.32814300000000       -3.48978100000000     
 O    6.60607800000000      -0.408529000000000       -1.25271600000000     
 H   -7.86410800000000       0.746090000000000        2.30693500000000     
 Cl  -7.18919400000000        1.86348600000000        2.60134100000000     
          13
         128
 H    1.13359100000000        2.02525200000000       -2.94984900000000     
 H    2.00502600000000       0.835369000000000       -3.57796200000000     
 H    2.40175100000000        5.82917300000000       -1.12230900000000     
 H    1.09807900000000        5.46427900000000       -1.68046000000000     
 H    2.12071800000000        7.66072700000000        1.51855300000000     
 H    1.68722900000000        6.03606000000000        1.52027300000000     
 O    1.33141300000000        1.11354400000000       -2.83761000000000     
 O    1.59317000000000        6.31395700000000       -1.18082900000000     
 O    2.46671600000000        6.67707200000000        1.72758100000000     
 H   -1.60473700000000       -7.77215500000000        1.58332100000000     
 Cl  -2.71970200000000       -7.03041700000000        1.18375500000000     
          13
         137
 H    2.73382300000000        4.34918800000000       4.554500000000000E-002
 H    3.52421700000000        5.24750000000000      -0.897176000000000     
 H    4.63217300000000        1.36685800000000        2.00156000000000     
 H    5.86785300000000        1.37821100000000        2.87878900000000     
 H    3.75301700000000        5.32201200000000        4.12095100000000     
 H    3.94552100000000        3.78347600000000        3.55258900000000     
 O    3.33407600000000        4.30047400000000      -0.719792000000000     
 O    4.84755800000000        1.39578300000000        2.94929900000000     
 O    3.55318800000000        4.67659500000000        3.27385500000000     
 H   -5.23608500000000       -5.80278900000000       -2.03378200000000     
 Cl  -5.92037500000000       -5.19505000000000       -2.79691300000000     
          13
         140
 H   -3.32059400000000      -0.386153000000000       -1.43853900000000     
 H   -3.15404900000000      -0.647806000000000      -0.163975000000000     
 H   -3.86005500000000       -1.39318300000000        2.01459500000000     
 H   -3.17367700000000       -2.42927100000000        1.18926400000000     
 H   -4.98054700000000       -3.80277000000000        1.81264300000000     
 H   -5.27772900000000       -5.31004800000000        2.20974700000000     
 O   -2.66612800000000      -0.289514000000000      -0.857327000000000     
 O   -4.03787000000000       -2.12115100000000        1.49048600000000     
 O   -5.30918900000000       -4.66493000000000        1.56193700000000     
 H    6.88984400000000        4.04796600000000       -1.85625900000000     
 Cl   5.98198700000000        3.52390000000000       -1.11149300000000     
          13
         143
 H    7.16695800000000       -1.59513200000000      -0.603683000000000     
 H    7.11802900000000       -3.11674700000000      -0.408651000000000     
 H    2.91363400000000       -3.32532000000000        2.80713600000000     
 H    1.49807600000000       -3.89900400000000        2.20584500000000     
 H    2.61619500000000       -2.40466000000000       0.875274000000000     
 H    3.26257200000000       -1.85592900000000      -0.445501000000000     
 O    6.58800600000000       -2.30709400000000      -0.271658000000000     
 O    1.97045900000000       -3.04692400000000        2.58119300000000     
 O    2.90344900000000       -2.66452800000000      -5.422800000000000E-002
 H   -6.43431900000000        5.15477000000000      -0.764412000000000     
 Cl  -5.76541300000000        3.98569800000000       -1.13713800000000     
          13
         155
 H    4.63562800000000        3.06738900000000       -1.57773800000000     
 H    5.07265600000000        1.68609500000000       -1.46522300000000     
 H    2.78692100000000        2.28682500000000       0.700828000000000     
 H    1.60337500000000        3.58887100000000       0.725896000000000     
 H    6.59724100000000        2.21218500000000       0.499927000000000     
 H    7.18852300000000        2.13009500000000        1.90999600000000     
 O    5.35639200000000        2.57165800000000       -1.37262600000000     
 O    2.15760700000000        2.91046300000000       0.124008000000000     
 O    6.56448200000000        1.67712000000000        1.23651800000000     
 H   -7.65145100000000       -2.83512100000000      -0.791607000000000     
 Cl  -7.02180800000000       -3.62477800000000       5.571000000000000E-003
          13
         156
 H    3.37609200000000      -0.676356000000000        3.16508700000000     
 H    2.93078000000000       -2.02099500000000        2.87066700000000     
 H   0.641550000000000       -1.29321700000000        2.44671900000000     
 H  -0.206277000000000       -2.14028000000000        1.57027600000000     
 H    5.99629200000000       -1.54298600000000        4.72727300000000     
 H    4.62735600000000       -1.95157300000000        5.04761900000000     
 O    3.14872700000000       -1.40552700000000        3.62036200000000     
 O   0.604704000000000       -1.75804200000000        1.63472000000000     
 O    5.43030300000000       -1.63022800000000        5.48530000000000     
 H   -4.30542500000000        3.45668200000000       -5.97833000000000     
 Cl  -4.57301800000000        2.37132000000000       -5.31047000000000     
          13
         179
 H    6.65281400000000       -3.13984500000000       -1.23019000000000     
 H    5.91836300000000       -2.15715200000000      -0.588155000000000     
 H    5.29260800000000      -0.127860000000000       0.401352000000000     
 H    6.64405400000000       0.716666000000000       0.556021000000000     
 H    3.89097800000000       -1.86578100000000       -1.95870700000000     
 H    2.84573500000000      -0.982103000000000       -1.81101300000000     
 O    6.16648400000000       -2.28460400000000       -1.41234700000000     
 O    6.17678600000000      -0.139135000000000       0.888002000000000     
 O    3.34593500000000       -1.70168000000000       -1.24942800000000     
 H   -7.71779100000000        3.12180400000000        1.28195600000000     
 Cl  -7.85449200000000        2.01485600000000       0.907811000000000     
          13
         196
 H    3.72564700000000       -1.32844600000000       -3.09991100000000     
 H    3.58157700000000       -2.77549000000000       -2.36876700000000     
 H    4.43783600000000        1.23862700000000       -3.59781800000000     
 H    3.32633800000000        1.37287400000000       -4.65277800000000     
 H    5.60573500000000      -0.412823000000000       -2.27632600000000     
 H    6.98000900000000       0.101285000000000       -2.40395400000000     
 O    4.26062500000000       -1.96366700000000       -2.55676000000000     
 O    3.60645400000000       0.908447000000000       -3.71896800000000     
 O    6.23135000000000       5.619600000000000E-002  -2.93277300000000     
 H   -7.40002900000000        1.64158600000000        4.14795500000000     
 Cl  -7.03195700000000       0.461374000000000        4.62285700000000     
          13
         204
 H    2.60150700000000       -1.55379500000000        5.86185000000000     
 H    2.32339900000000      -0.613698000000000        7.04156400000000     
 H    4.67323000000000       0.658793000000000        3.64726800000000     
 H    3.55972300000000       0.201058000000000        4.72465200000000     
 H    2.74464400000000       -3.36998300000000        4.09790400000000     
 H    2.52204000000000       -1.86253900000000        3.82236200000000     
 O    2.80635800000000      -0.677270000000000        6.18288500000000     
 O    3.95801900000000      -7.748099999999999E-002   3.73494500000000     
 O    2.08697400000000       -2.59035000000000        4.24023900000000     
 H   -4.48616800000000        2.48051500000000       -6.05557500000000     
 Cl  -4.44377600000000        1.64476000000000       -7.14263300000000     
          13
         212
 H    4.26586700000000       -3.57114400000000       -5.14872100000000     
 H    5.26122400000000       -2.36970000000000       -5.64344200000000     
 H    5.49762200000000       0.201463000000000        2.28225300000000     
 H    4.83326800000000        1.39258600000000        1.45859400000000     
 H    5.61732500000000       -2.15313100000000       -2.81456600000000     
 H    4.85789300000000       -1.42565400000000       -1.92611600000000     
 O    4.64605700000000       -2.69081900000000       -4.95753900000000     
 O    5.19143500000000        1.18887400000000        2.29632800000000     
 O    5.64929700000000       -1.36149100000000       -2.46246600000000     
 H   -6.97277000000000        1.13440600000000        3.61618100000000     
 Cl  -7.75660100000000        1.50528100000000        2.57894400000000     
          13
         222
 H    4.40994400000000       -4.41711300000000        2.59940900000000     
 H    4.76058000000000       -4.24573300000000        3.99300800000000     
 H    2.16153200000000       -1.77909300000000        1.18341200000000     
 H    2.88883500000000       -2.66052900000000        2.20556900000000     
 H    1.70902100000000       -2.98334300000000        5.11823200000000     
 H    1.58039800000000       -1.75892500000000        4.14805800000000     
 O    4.01010700000000       -3.90973000000000        3.28637800000000     
 O    2.07721700000000       -2.34335000000000        2.06800800000000     
 O    1.30252600000000       -2.17369700000000        4.97829100000000     
 H   -4.83589000000000        4.84159400000000       -4.81013900000000     
 Cl  -3.74242000000000        4.23041500000000       -5.14264900000000     
          13
         223
 H    4.22209200000000      -0.648210000000000       -5.95426300000000     
 H    5.51398500000000       -1.15610400000000       -6.22746900000000     
 H    2.45166500000000       0.519522000000000       -1.76950000000000     
 H    1.28372800000000      -0.352648000000000       -1.55298400000000     
 H    3.54608600000000        1.63829600000000       -4.42261000000000     
 H    2.10324500000000        1.44846800000000       -4.26821800000000     
 O    5.06341000000000      -0.320556000000000       -5.86277400000000     
 O    2.06490600000000       2.622800000000000E-002  -1.01547200000000     
 O    2.90172600000000       0.943798000000000       -4.21427500000000     
 H   -4.15176100000000       -1.25246000000000        5.08753500000000     
 Cl  -5.01711300000000      -0.302469000000000        5.62364600000000     
          13
         224
 H    5.96407100000000       -4.86500500000000       -1.05025600000000     
 H    5.85923100000000       -3.50917800000000      -0.612788000000000     
 H    3.52775800000000       0.661928000000000       -1.31345100000000     
 H    4.48501600000000        1.66813000000000      -0.574324000000000     
 H    3.21864900000000       -2.34258400000000       0.249513000000000     
 H    4.35720300000000       -1.16815000000000       0.410103000000000     
 O    6.49744900000000       -4.04786100000000      -0.991806000000000     
 O    3.81096300000000       0.966396000000000      -0.362079000000000     
 O    4.03092200000000       -2.01032000000000      -3.481200000000000E-002
 H   -7.56138100000000        2.78675000000000        1.78304600000000     
 Cl  -7.13040700000000        2.52430000000000       0.667137000000000     
          13
         225
 H    3.98233400000000       3.540000000000000E-003   2.81023200000000     
 H    2.87956500000000      -0.613595000000000        1.81284600000000     
 H    7.61108800000000        1.27257600000000       -3.04525700000000     
 H    6.50771900000000        1.51376200000000       -4.07552200000000     
 H    4.52538900000000      -0.809625000000000       -3.76113700000000     
 H    4.58069800000000       0.150429000000000       -2.74029500000000     
 O    3.71831600000000      -0.323180000000000        1.78850500000000     
 O    6.65528600000000        1.52342100000000       -3.12514300000000     
 O    3.93292900000000      -0.236851000000000       -3.24185600000000     
 H   -6.22009400000000      -0.216354000000000        1.50919700000000     
 Cl  -7.23084000000000      -0.478619000000000        2.31095000000000     
          13
         235
 H    2.05838100000000       -3.89785600000000       0.930649000000000     
 H    1.29566500000000       -5.08098200000000       0.529087000000000     
 H    4.00158700000000       -4.69825000000000       0.145798000000000     
 H    5.08258600000000       -3.61582000000000      -0.361009000000000     
 H    3.07899100000000       -4.71121200000000        4.12589800000000     
 H    2.94178200000000       -5.29139700000000        2.93483600000000     
 O    1.60774900000000       -4.72353300000000        1.23903900000000     
 O    4.08965700000000       -3.80201100000000      -0.267167000000000     
 O    3.39739700000000       -5.41023900000000        3.66968400000000     
 H   -5.46471000000000        6.26777800000000       -2.25667200000000     
 Cl  -4.53381000000000        6.98019900000000       -2.29722400000000     
          13
         254
 H    4.28153100000000       -1.43891800000000      -0.631405000000000     
 H    3.70874600000000       -2.70894100000000      -0.946705000000000     
 H    6.30081800000000        2.74398800000000       -3.20910900000000     
 H    4.59671800000000        2.74652000000000       -3.69253800000000     
 H    4.94756800000000       -5.41610500000000       -3.11765200000000     
 H    5.18718400000000       -3.86642600000000       -2.45732500000000     
 O    4.54658800000000       -2.33656700000000      -0.726187000000000     
 O    5.43341700000000        2.18217400000000       -3.18542400000000     
 O    4.53521200000000       -4.52126800000000       -2.98884700000000     
 H   -6.87311600000000        3.26814500000000        2.73369000000000     
 Cl  -7.27547900000000        2.27472800000000        3.48310200000000     
          13
         265
 H    3.13997800000000        3.96719300000000       -2.32592300000000     
 H    2.36339100000000        2.82398100000000       -1.93498900000000     
 H    5.64004100000000        3.73724700000000       -3.02170100000000     
 H    6.12660800000000        5.08716600000000       -2.93913400000000     
 H    1.40969500000000       6.112200000000000E-002  2.073000000000000E-003
 H   0.816017000000000       0.597142000000000       -1.14753800000000     
 O    3.10058900000000        3.04670600000000       -2.49767800000000     
 O    5.22698500000000        4.66207000000000       -2.91379500000000     
 O   0.983003000000000       0.913210000000000      -0.276041000000000     
 H   -5.75580900000000       -3.68786100000000        2.88039900000000     
 Cl  -4.65467200000000       -4.30637200000000        2.84593900000000     
          13
         266
 H    5.80770600000000       -1.25374000000000        2.81566500000000     
 H    6.11387000000000       -2.24380300000000        1.77388200000000     
 H    3.80011300000000       -4.13958500000000       0.690590000000000     
 H    4.35600400000000       -3.66805600000000        2.00412900000000     
 H    2.22211000000000       -4.46460900000000        2.92803600000000     
 H    2.41663300000000       -2.97603400000000        2.86964300000000     
 O    5.43641900000000       -1.68767300000000        2.03922800000000     
 O    4.53818600000000       -4.26295000000000        1.24535700000000     
 O    1.94054200000000       -3.67396100000000        2.62812800000000     
 H   -6.36611200000000        5.85102500000000       -3.77919900000000     
 Cl  -5.97818700000000        4.77463500000000       -2.97280800000000     
          13
         271
 H    3.43343400000000        3.09139400000000      -0.856858000000000     
 H    3.72389200000000        3.91094300000000       0.478722000000000     
 H    5.27769700000000        4.91637400000000        2.67985100000000     
 H    3.84425800000000        4.87497700000000        2.34740600000000     
 H   0.550435000000000        2.50700100000000        2.14426800000000     
 H    1.79215700000000        2.64424900000000        1.28284100000000     
 O    2.98583800000000        3.66578900000000      -0.269622000000000     
 O    4.61116100000000        4.41729300000000        2.07464000000000     
 O    1.33879600000000        1.98318600000000        2.01425600000000     
 H   -4.87313600000000       -6.08707900000000       -2.60355000000000     
 Cl  -4.47976600000000       -5.06116900000000       -1.90519700000000     
          13
         281
 H   -7.46990000000000        2.47101400000000       -1.38772000000000     
 H   -6.43521200000000        1.65686100000000      -0.905810000000000     
 H   -4.85427600000000       1.496000000000000E-002  -2.67228700000000     
 H   -5.89058100000000       0.246869000000000       -3.66652700000000     
 H   -2.58114200000000        1.65307000000000      -0.215577000000000     
 H   -2.03252900000000        1.73450400000000        1.09572100000000     
 O   -6.52139400000000        2.19250800000000       -1.67465000000000     
 O   -5.19536700000000      -0.365844000000000       -3.53130600000000     
 O   -2.42439400000000        1.11962700000000       0.475043000000000     
 H    7.01281800000000       -2.63488700000000        2.64348200000000     
 Cl   7.11070100000000       -1.49604600000000        2.31093200000000     
          13
         282
 H    4.14694200000000        2.55775900000000        1.94397700000000     
 H    5.33073500000000        1.57769900000000        2.25600600000000     
 H    2.37753800000000       -3.60071400000000       -2.14326500000000     
 H    1.80875200000000       -3.37626400000000      -0.714710000000000     
 H    5.68268400000000       0.966447000000000       -3.23383700000000     
 H    7.02900300000000        1.32608900000000       -3.74196600000000     
 O    5.01949000000000        2.40439000000000        1.73660400000000     
 O    2.54796900000000       -3.06591400000000       -1.26654000000000     
 O    6.18361400000000        1.29836400000000       -3.94683600000000     
 H   -8.02438500000000      -0.338330000000000        1.02169600000000     
 Cl  -6.81771300000000      -0.265680000000000        1.72332200000000     
          13
         309
 H    5.53015200000000        3.36997100000000        1.22166000000000     
 H    5.41972300000000        4.04605200000000        2.52884800000000     
 H    4.60637700000000        2.37408300000000      -0.265061000000000     
 H    5.66978000000000        1.79217700000000       -1.17085500000000     
 H    3.74338800000000       0.448640000000000        1.96169400000000     
 H    3.92172600000000        2.09027100000000        1.58883600000000     
 O    5.32514900000000        3.20929000000000        2.12939100000000     
 O    5.49164900000000        2.57663500000000      -0.679062000000000     
 O    3.64176500000000        1.16591400000000        1.29228900000000     
 H   -7.30794800000000       -4.72308200000000       -1.09922400000000     
 Cl  -7.23502800000000       -3.45063100000000       -1.39194600000000     
          13
         312
 H    1.49922800000000        2.47884300000000       -1.63660800000000     
 H    2.96513300000000        3.12680700000000       -1.57448700000000     
 H    5.10180900000000        4.16719500000000       -2.54904200000000     
 H    4.86133500000000        3.05883400000000       -3.55523600000000     
 H    4.37838400000000        3.72477600000000       3.491100000000000E-002
 H    4.38443000000000        4.91349700000000        1.07032300000000     
 O    2.14552600000000        3.11808700000000       -1.10719200000000     
 O    4.48312800000000        3.30065700000000       -2.67084400000000     
 O    4.81572400000000        4.57454900000000       0.265865000000000     
 H   -6.72392200000000       -5.14470300000000        2.50173700000000     
 Cl  -5.70621800000000       -5.49885500000000        1.77090600000000     
          13
         313
 H    3.67831900000000       -5.72361700000000       -1.11810500000000     
 H    2.86067900000000       -4.80800200000000      -9.855200000000001E-002
 H    4.42506000000000       -2.82966500000000       -1.48662500000000     
 H    5.24761700000000       -2.76902700000000      -5.165100000000000E-002
 H    2.89122900000000       -4.04882700000000       -3.02911300000000     
 H    1.99765000000000       -2.92163400000000       -2.31142700000000     
 O    2.90130000000000       -5.56431800000000      -0.515486000000000     
 O    4.50270500000000       -3.23938100000000      -0.627846000000000     
 O    2.70716000000000       -2.97468300000000       -2.96686600000000     
 H   -4.99627500000000        7.22020600000000        1.92280600000000     
 Cl  -5.08899100000000        5.84458000000000        2.05788800000000     
          13
         341
 H   -7.42638600000000        5.00763100000000       -3.64568600000000     
 H   -6.00826700000000        5.25284700000000       -2.97822700000000     
 H   -1.37234100000000       -1.06611700000000      -0.266650000000000     
 H  -0.149258000000000       -2.11751300000000      -0.388518000000000     
 H   -1.79422600000000       0.125663000000000       -3.12179400000000     
 H   -2.48180600000000        1.30641700000000       -2.61645800000000     
 O   -6.86860500000000        4.71756400000000       -2.83413900000000     
 O  -0.419907000000000       -1.14213300000000      -0.540779000000000     
 O   -2.76648600000000       0.467230000000000       -3.03189300000000     
 H    3.87257700000000       -2.32640700000000        3.03559700000000     
 Cl   5.04179400000000       -2.02723900000000        3.21814500000000     
          13
         348
 H    7.51201500000000      -0.908389000000000       -1.11011000000000     
 H    6.42424300000000      -0.987352000000000       -2.18731300000000     
 H    4.50394000000000      -0.939155000000000        1.74032800000000     
 H    5.14979900000000       -1.75475500000000       0.606854000000000     
 H    3.71226700000000       -1.04904000000000       -1.89197400000000     
 H    3.23965300000000       -1.03002600000000       -3.21394300000000     
 O    6.60617800000000      -0.676553000000000       -1.15181500000000     
 O    4.34660300000000       -1.61241500000000        1.01057600000000     
 O    3.97249500000000      -0.841863000000000       -2.72099600000000     
 H   -7.95316900000000       0.566210000000000        2.16187500000000     
 Cl  -7.47596800000000        1.60819800000000        1.42149900000000     
          13
         361
 H    6.45795700000000       -4.24792700000000       -1.61305900000000     
 H    5.54487600000000       -5.29683500000000       -1.48514700000000     
 H   0.989171000000000       -2.54214700000000       -1.37117700000000     
 H    1.90265700000000       -1.77101200000000      -0.818787000000000     
 H    2.59814700000000       -4.40496900000000      -0.321141000000000     
 H    3.85146600000000       -3.88706600000000       0.139122000000000     
 O    5.64179200000000       -4.46981500000000       -1.20060500000000     
 O    1.66182400000000       -2.10796000000000       -1.69814400000000     
 O    2.94294200000000       -3.94320600000000       0.378728000000000     
 H   -6.17497500000000        4.79836500000000        1.64524500000000     
 Cl  -5.12278500000000        5.31199200000000        1.26351800000000     
          13
         368
 H    1.93049000000000        5.84413500000000      -0.496849000000000     
 H    2.08304300000000        5.04539000000000       0.651349000000000     
 H    3.67283300000000        4.53296500000000        1.64252000000000     
 H    2.64084800000000        4.57157900000000        2.52910900000000     
 H    3.94649300000000        3.52861900000000      -0.608841000000000     
 H    5.28089600000000        3.74368900000000      -0.186605000000000     
 O    1.90014400000000        4.88615200000000      -0.304253000000000     
 O    3.13536800000000        5.14292400000000        2.12834100000000     
 O    4.48116700000000        4.03692300000000      -5.835700000000000E-002
 H   -5.93191100000000       -7.48748800000000      -0.698179000000000     
 Cl  -4.74340800000000       -7.00295000000000      -0.888845000000000     
          13
         380
 H    4.37786800000000        2.64055500000000      -0.367493000000000     
 H    5.44307400000000        3.04635900000000       -1.50944300000000     
 H    4.50188100000000       0.497048000000000       0.679471000000000     
 H    3.15503800000000       0.509651000000000        1.51918100000000     
 H    6.57862900000000        1.48191600000000        2.83129100000000     
 H    6.40830700000000        1.63176900000000        1.35584900000000     
 O    5.32316100000000        2.79404200000000      -0.665152000000000     
 O    3.48546300000000       0.722769000000000       0.546217000000000     
 O    6.40620000000000        1.10087700000000        2.06523500000000     
 H   -7.80771000000000       -3.13167900000000       -2.04990900000000     
 Cl  -7.61191600000000       -2.30437500000000      -0.961283000000000     
          13
         382
 H    3.49833200000000      -0.532009000000000       0.777250000000000     
 H    4.58564400000000       -1.54003300000000       0.571800000000000     
 H    7.77887500000000      -0.904005000000000      -0.140431000000000     
 H    7.09257000000000      -0.451021000000000        1.10340700000000     
 H    4.70178300000000        1.76041500000000       0.250812000000000     
 H    3.74705700000000        2.62388900000000      -0.276219000000000     
 O    3.79912800000000       -1.39048000000000       0.996855000000000     
 O    6.76193800000000      -0.522439000000000       0.171937000000000     
 O    4.31016500000000        1.91603500000000      -0.604716000000000     
 H   -7.97010200000000        1.09584500000000      -1.771400000000000E-002
 Cl  -7.47725900000000      -6.069500000000000E-002 -0.323413000000000     
          13
         383
 H    3.64054500000000        3.82768500000000        2.27341500000000     
 H    2.81386100000000        2.44746100000000        2.32191500000000     
 H    5.11260400000000        4.68219600000000      -0.147511000000000     
 H    3.96245400000000        3.62864600000000       0.377140000000000     
 H    5.41386900000000        2.07014500000000      -0.664969000000000     
 H    6.64058300000000        1.03387000000000       -1.00004200000000     
 O    2.77817500000000        3.43144100000000        2.00589700000000     
 O    4.79019600000000        3.80052200000000      -6.848500000000000E-002
 O    5.62879300000000        1.10812500000000      -0.515102000000000     
 H   -7.45506200000000       -5.01853900000000       2.722600000000000E-002
 Cl  -6.61543500000000       -4.18003000000000      -0.742504000000000     
          13
         391
 H    6.19493000000000       0.452195000000000        3.14204900000000     
 H    5.22402300000000      -0.321961000000000        3.83438100000000     
 H    3.77502200000000       0.545514000000000       0.833327000000000     
 H    4.96209600000000       0.117794000000000      -0.233721000000000     
 H    4.65528900000000       -2.34547000000000      -0.665198000000000     
 H    5.22451900000000       -2.86654400000000       0.762192000000000     
 O    6.07850100000000      -0.262848000000000        3.75471600000000     
 O    4.46490700000000       0.875435000000000       0.147164000000000     
 O    5.30132000000000       -2.12932500000000       7.605000000000000E-003
 H   -8.60263300000000        1.95037000000000       -1.86689400000000     
 Cl  -7.86387200000000       0.764962000000000       -1.95560200000000     
          13
         401
 H  -4.927200000000000E-002   1.79839600000000       -1.41520000000000     
 H    1.37319200000000        2.01813200000000       -1.13971300000000     
 H    5.64503900000000        4.29316400000000       -2.28382200000000     
 H    5.04728600000000        3.37933100000000       -1.06200400000000     
 H    3.31504800000000        4.80937400000000       -1.49621700000000     
 H    2.32608800000000        4.35799800000000       -2.52820700000000     
 O   0.738496000000000        2.08082300000000       -1.88653000000000     
 O    5.87077200000000        3.80706400000000       -1.33070600000000     
 O    2.95031200000000        3.96798400000000       -1.85027300000000     
 H   -5.52159900000000       -5.61047800000000        3.12959600000000     
 Cl  -4.72246100000000       -4.94198100000000        2.51374300000000     
          13
         433
 H    2.07158600000000       0.377693000000000       -7.28721300000000     
 H    1.62147700000000      -0.588143000000000       -8.63463500000000     
 H    2.48121700000000       -2.19285600000000       -1.42312200000000     
 H    1.27404700000000       -2.09957500000000       -2.47307500000000     
 H    2.53065100000000       0.602888000000000      -0.840035000000000     
 H    3.69893100000000        1.00052200000000       1.339700000000000E-002
 O    1.22547600000000       8.409300000000000E-002  -7.78695300000000     
 O    2.21822600000000       -1.80649000000000       -2.26618500000000     
 O    2.95823800000000       0.500980000000000       4.158000000000000E-003
 H   -3.62613400000000        1.03179000000000        6.26083600000000     
 Cl  -3.21316600000000       0.613643000000000        5.01106400000000     
          13
         437
 H    3.93344700000000        2.60719800000000       -1.01994500000000     
 H    5.22110000000000        2.46538900000000       -1.38612200000000     
 H    5.97360600000000        5.37812500000000      -0.921453000000000     
 H    4.82653300000000        4.95934200000000       -1.90382100000000     
 H    3.45705700000000      -0.489103000000000      -0.416925000000000     
 H    4.62181800000000       -1.12889700000000       0.407664000000000     
 O    4.56408700000000        1.74460400000000       -1.16122000000000     
 O    5.62462700000000        4.66004400000000       -1.36174100000000     
 O    3.85284000000000       -1.33342600000000      -2.041700000000000E-002
 H   -7.77359800000000       -2.49356300000000       0.130780000000000     
 Cl  -7.00590300000000       -2.64501400000000        1.31076100000000     
          13
         443
 H    2.09807400000000        5.84333000000000      -0.739437000000000     
 H    2.59864100000000        4.67965000000000       0.292316000000000     
 H    2.58131600000000        1.65573900000000      -0.468111000000000     
 H    2.93746900000000        2.29871900000000       -1.90493300000000     
 H    4.79587500000000        4.38140100000000       -3.29590300000000     
 H    3.55459700000000        4.22540500000000       -3.99605100000000     
 O    2.31644400000000        5.55094400000000       7.006700000000000E-002
 O    2.33503800000000        2.42128500000000       -1.04634200000000     
 O    3.85100400000000        4.09426900000000       -3.10844900000000     
 H   -5.30956600000000       -6.76967200000000        1.76908000000000     
 Cl  -4.26883200000000       -5.99060100000000        2.10791200000000     
          13
         446
 H    3.81630200000000       -1.20987600000000      -0.879379000000000     
 H    3.38435500000000       -2.28592700000000       5.656500000000000E-002
 H    2.97623500000000       -2.42714700000000       -3.12449900000000     
 H    1.71390500000000       -2.48774300000000       -3.02221100000000     
 H    4.30693100000000       -3.79865400000000       -1.86818300000000     
 H    5.27717500000000       -4.64128900000000       -2.47676900000000     
 O    4.19100800000000       -1.85482200000000      -0.110402000000000     
 O    2.41436400000000       -2.21889300000000       -2.50821200000000     
 O    4.65264700000000       -4.06094200000000       -2.74872100000000     
 H   -6.78187800000000        3.90201500000000        3.32237200000000     
 Cl  -5.57180500000000        4.09429300000000        2.68507600000000     
          13
         471
 H    7.43146600000000       0.591896000000000      -5.981600000000000E-002
 H    6.29051100000000       0.796592000000000       -1.00962200000000     
 H    3.13641700000000        2.43104800000000       0.247367000000000     
 H    4.56591100000000        1.65195100000000      -4.471000000000000E-002
 H    5.54749500000000        1.99563500000000       -3.22257000000000     
 H    4.39617300000000        1.71219200000000       -2.10771400000000     
 O    6.53221800000000       0.976422000000000      -0.186061000000000     
 O    3.53627100000000        1.90679000000000      -0.377724000000000     
 O    5.15072600000000        1.29586800000000       -2.64514200000000     
 H   -7.89855500000000       -2.51034400000000        2.70722200000000     
 Cl  -7.63747800000000       -2.10380000000000        1.56864400000000     
          13
         478
 H    6.48751400000000       -2.17100000000000        2.64837100000000     
 H    5.04853200000000       -1.43123300000000        2.01605600000000     
 H    3.61473800000000       0.367881000000000       0.154334000000000     
 H    2.81506900000000      -7.043700000000000E-002   1.30249500000000     
 H    5.14636700000000       -2.09138900000000       -1.22423100000000     
 H    5.79533700000000       -2.33599500000000       0.124889000000000     
 O    5.69625100000000       -2.30620400000000        2.01035500000000     
 O    3.26085300000000      -0.474901000000000       0.621627000000000     
 O    5.90363900000000       -1.95283800000000      -0.717055000000000     
 H   -7.91764900000000        3.34016400000000       -1.11281200000000     
 Cl  -7.40167000000000        2.29199400000000      -0.988652000000000     
          13
         485
 H    3.80755400000000       -1.61811400000000      -0.857095000000000     
 H    4.59729400000000       -2.81264300000000       -1.28089500000000     
 H    1.56920600000000       -2.17088800000000        2.43135300000000     
 H    2.45108300000000       -2.71563100000000        1.21542300000000     
 H    7.64686500000000       -3.32337300000000       0.341858000000000     
 H    6.10622200000000       -3.77215900000000       0.309404000000000     
 O    4.00565900000000       -2.50477000000000      -0.584851000000000     
 O    1.63323200000000       -2.68865000000000        1.51029900000000     
 O    6.75230500000000       -3.43946600000000      -0.239147000000000     
 H   -5.17108200000000        4.99240300000000       0.132202000000000     
 Cl  -6.27287000000000        4.27788500000000      -0.380176000000000     
          13
         486
 H    5.61937400000000       0.667641000000000      -0.858409000000000     
 H    4.20696900000000        1.01931700000000      -0.954350000000000     
 H    6.19391900000000       -2.28203800000000       -2.84608400000000     
 H    4.83675300000000       -1.57409600000000       -3.43337300000000     
 H    6.52482800000000       0.107737000000000        2.52253300000000     
 H    5.82218900000000       0.645951000000000        1.37317000000000     
 O    5.06850200000000        1.55594800000000      -0.681103000000000     
 O    5.35326700000000       -1.79360200000000       -2.52943300000000     
 O    6.45635500000000      -4.944200000000000E-002   1.56028300000000     
 H   -8.76109000000000      -8.790500000000001E-002   2.01715100000000     
 Cl  -8.42390000000000       0.174715000000000       0.817469000000000     
          13
         504
 H   0.437868000000000        1.63903900000000       0.913671000000000     
 H   0.499814000000000        1.41721200000000      -0.583766000000000     
 H    2.65948700000000        6.09830900000000        2.80256900000000     
 H    2.48452700000000        7.11736100000000        3.67344200000000     
 H   0.881541000000000        4.57437200000000        3.15542700000000     
 H   0.635989000000000        3.83506900000000        1.87789700000000     
 O  -1.895200000000000E-002   1.93059600000000       9.475699999999999E-002
 O    1.99327900000000        6.45402100000000        3.25964800000000     
 O    1.39228400000000        3.89625800000000        2.61061600000000     
 H   -3.00507700000000       -6.38294700000000       -2.62199400000000     
 Cl  -1.66940200000000       -6.14475700000000       -2.99440500000000     
          13
         509
 H   0.774798000000000       -6.00086900000000        1.70015200000000     
 H  -0.526658000000000       -6.20742100000000        2.33471200000000     
 H    1.50431500000000       -3.46259300000000        5.74169000000000     
 H    1.38201200000000       -3.07793600000000        4.20700300000000     
 H    3.08102500000000       -3.69259900000000        1.21173400000000     
 H    2.52476900000000       -4.23410200000000        2.50422800000000     
 O   0.493629000000000       -6.43862500000000        2.49465300000000     
 O    1.98474900000000       -3.19110700000000        4.95001500000000     
 O    2.32228400000000       -3.72902400000000        1.67411300000000     
 H   -2.88612300000000        6.54044200000000       -5.77911200000000     
 Cl  -2.36405100000000        6.69055400000000       -4.51433500000000     
          13
         520
 H    2.01005900000000       -3.31414000000000        2.64420700000000     
 H    2.46725600000000       -3.32250900000000        1.20853100000000     
 H    2.01950700000000       -1.93917800000000        5.39042600000000     
 H    1.86465800000000       -1.63300600000000        3.97036100000000     
 H  -0.736238000000000       -3.73878000000000        5.69538700000000     
 H   -2.34709600000000       -4.43315900000000        5.85362300000000     
 O    2.59368800000000       -2.78498000000000        2.07934500000000     
 O    1.41932600000000       -2.07384200000000        4.70176300000000     
 O   -1.20792900000000       -4.49846200000000        5.89375600000000     
 H   -2.13030800000000        5.78039800000000       -6.16949600000000     
 Cl  -1.36858100000000        4.64177900000000       -6.33472600000000     
          13
         522
 H    4.51073300000000       -4.53264700000000       0.802116000000000     
 H    5.27143300000000       -5.69821100000000        1.31277200000000     
 H    3.17135400000000      -9.199900000000000E-002  0.873204000000000     
 H    3.24663000000000       0.673335000000000      -0.678737000000000     
 H    3.84097700000000       -2.37708900000000      -0.374665000000000     
 H    5.18072500000000       -1.81849100000000       0.371634000000000     
 O    4.37289100000000       -5.45479000000000        1.18346900000000     
 O    3.69610400000000      -0.140995000000000       6.715599999999999E-002
 O    4.63443300000000       -2.69504500000000       0.259153000000000     
 H   -6.73212500000000        4.65153500000000       0.366943000000000     
 Cl  -6.34164100000000        4.05676700000000      -0.767737000000000     
          13
         530
 H    6.04510800000000       -3.74331000000000        1.81621500000000     
 H    7.18571800000000       -3.48449000000000        2.77343100000000     
 H    2.13793200000000      -0.480243000000000      -0.613407000000000     
 H    2.72558200000000       -1.47626600000000       0.560380000000000     
 H    3.84981300000000       -2.70343900000000        2.95818100000000     
 H    2.53213800000000       -2.11038200000000        2.68818000000000     
 O    6.24011400000000       -3.35715000000000        2.61387100000000     
 O    2.85030200000000       -1.14710700000000      -0.388158000000000     
 O    3.25745200000000       -2.30713600000000        2.21385200000000     
 H   -5.23571100000000        4.17793300000000       -1.93987500000000     
 Cl  -6.20218500000000        3.39879200000000       -2.26808400000000     
          13
         532
 H    2.83682100000000       -1.71803800000000        4.46473200000000     
 H    4.02763200000000       -1.97309000000000        3.59235100000000     
 H    3.09828100000000       -3.37653400000000        1.80055000000000     
 H    3.97413100000000       -2.45600700000000       0.819281000000000     
 H    2.37724700000000       -4.44863300000000        3.39986400000000     
 H    3.69664500000000       -5.08120200000000        3.68938000000000     
 O    3.74508100000000       -1.89916500000000        4.45169500000000     
 O    3.32559100000000       -2.46199200000000        1.32515000000000     
 O    3.08538300000000       -4.89304000000000        2.90450700000000     
 H   -5.85816300000000        5.22167300000000       -3.69989800000000     
 Cl  -5.05306300000000        4.63059000000000       -4.37597400000000     
          13
         535
 H   0.811225000000000       -2.51191900000000        2.05547400000000     
 H    1.09734200000000       -1.56153700000000        3.06803700000000     
 H    1.95003200000000       -6.47396000000000       -3.11568300000000     
 H    1.68514700000000       -7.95817300000000       -2.48744300000000     
 H   2.344000000000000E-002  -5.21495400000000      -0.135954000000000     
 H    1.13578100000000       -5.76455300000000       -1.02911500000000     
 O   0.456218000000000       -2.30527900000000        2.82143400000000     
 O    1.92772700000000       -7.08124600000000       -2.29010500000000     
 O    1.01043400000000       -5.19532300000000      -0.155506000000000     
 H   -1.26847500000000        7.25975400000000       0.948520000000000     
 Cl  -1.70874600000000        7.30984900000000      -0.152282000000000     
          13
         542
 H    3.97564000000000      -1.670100000000000E-002 -0.274086000000000     
 H    4.22903900000000       -1.46654200000000      -0.867803000000000     
 H    6.54736200000000      -0.798542000000000        1.30896700000000     
 H    6.24318700000000      -0.355753000000000      -0.158805000000000     
 H    5.54204500000000      -0.690972000000000       -1.99816800000000     
 H    6.80994900000000      -0.946168000000000       -2.83471500000000     
 O    3.80370200000000      -0.571058000000000       -1.06627800000000     
 O    5.81272100000000      -0.391969000000000       0.736234000000000     
 O    6.51036600000000      -0.294964000000000       -2.25194500000000     
 H   -8.64575600000000       0.881115000000000       0.305029000000000     
 Cl  -8.08828700000000       0.673326000000000        1.31125200000000     
          13
         549
 H   -1.52409600000000       -3.08678900000000       -4.26183100000000     
 H   -1.64510700000000       -2.20537600000000       -3.10860100000000     
 H  -9.053899999999999E-002  -1.80778900000000       -6.50675900000000     
 H  -0.107813000000000      -0.871113000000000       -7.71810600000000     
 H   0.815069000000000       9.345900000000000E-002  -4.90302100000000     
 H  -8.006000000000001E-002  0.109250000000000       -3.74324200000000     
 O   -2.10662800000000       -2.85643500000000       -3.51541700000000     
 O  -0.188341000000000      -0.894616000000000       -6.63113100000000     
 O   0.757302000000000      -6.786200000000001E-002  -3.89303800000000     
 H    1.52473300000000        1.45795600000000        7.90403900000000     
 Cl  0.740328000000000        1.92967700000000        7.06580700000000     
          13
         550
 H    4.10340300000000       -2.77938900000000        1.51969100000000     
 H    4.59601900000000       -2.79690200000000       0.103714000000000     
 H   0.751216000000000       -2.67106700000000      -0.540104000000000     
 H    1.23932700000000       -4.04889400000000      -0.193821000000000     
 H    3.50388800000000       -6.47357700000000       0.837398000000000     
 H    3.87191000000000       -5.12738500000000       0.322116000000000     
 O    4.43775400000000       -3.37183600000000       0.890261000000000     
 O    1.42926700000000       -3.19883700000000      -0.197653000000000     
 O    3.46429100000000       -5.90324700000000       0.107547000000000     
 H   -5.31841100000000        6.51362700000000       -1.51651400000000     
 Cl  -4.63382400000000        6.20515100000000      -0.380998000000000     
          13
         554
 H    4.45004500000000       -1.24186500000000       -1.64002000000000     
 H    5.48114400000000       -1.72384400000000      -0.394213000000000     
 H    5.28932600000000      -2.164500000000000E-002   3.27979400000000     
 H    5.09942100000000      -0.220538000000000        4.86507800000000     
 H    4.38508200000000       0.204012000000000       0.819552000000000     
 H    3.66401400000000        1.44353900000000        1.45624300000000     
 O    4.50317800000000       -1.69072400000000      -0.693910000000000     
 O    5.76706700000000      -0.375493000000000        4.06974100000000     
 O    4.32165000000000       0.791912000000000        1.56813500000000     
 H   -8.35058700000000       0.579332000000000       -3.13124200000000     
 Cl  -7.25084000000000       0.610926000000000       -2.41318400000000     
          13
         555
 H    3.44242600000000        2.88572500000000       -2.08359000000000     
 H    3.62276300000000        4.17015400000000       -2.74152900000000     
 H    4.66012900000000       0.755962000000000       -2.10100700000000     
 H    4.80097200000000        1.03758700000000      -0.715072000000000     
 H    7.15815900000000      -0.745011000000000       0.316150000000000     
 H    7.51782900000000       0.692181000000000       0.129956000000000     
 O    2.83199100000000        3.62044100000000       -2.35835700000000     
 O    4.18657900000000        1.19489700000000       -1.41553200000000     
 O    7.07159000000000       1.082700000000000E-002 -0.340792000000000     
 H   -8.08753200000000       -1.44817500000000        2.11801800000000     
 Cl  -7.11101000000000       -2.41937900000000        2.02822500000000     
          13
         560
 H    4.06044900000000        2.21424600000000       0.593861000000000     
 H    4.34777200000000       0.922162000000000        1.28434100000000     
 H    4.88203300000000        4.78400200000000       -1.00546900000000     
 H    4.31386300000000        4.59991900000000       0.467841000000000     
 H    2.62005300000000        5.93030300000000       -2.74205300000000     
 H    2.47431800000000        4.86384700000000       -1.81162200000000     
 O    3.60823700000000        1.68277400000000        1.33403800000000     
 O    4.83816700000000        4.13798700000000      -0.269569000000000     
 O    3.10042600000000        5.39844000000000       -2.09858100000000     
 H   -6.91547500000000       -5.68802500000000       0.802648000000000     
 Cl  -5.73440900000000       -5.64027700000000       0.542980000000000     
          13
         562
 H    3.70071900000000       0.903466000000000       0.184270000000000     
 H    3.20589600000000      -0.189748000000000       0.954756000000000     
 H    5.99520000000000       -2.24191000000000        1.54448600000000     
 H    6.39038900000000       -1.11178100000000       0.595827000000000     
 H    7.26681500000000        1.29644700000000      -0.307091000000000     
 H    5.55190400000000       0.828388000000000      -0.897745000000000     
 O    2.96699300000000       0.313985000000000       0.120617000000000     
 O    6.05509700000000       -1.28884600000000        1.51958900000000     
 O    6.24848900000000       0.960641000000000      -0.149974000000000     
 H   -8.56204400000000       0.167813000000000       0.222048000000000     
 Cl  -7.66297300000000       1.664900000000000E-002 -0.747817000000000     
          13
         563
 H    5.92857100000000       -2.05724400000000      -6.959300000000000E-002
 H    7.27323500000000       -2.46316500000000      -0.462610000000000     
 H    3.83786100000000       -2.06458100000000       0.782201000000000     
 H    4.64775000000000      -0.886509000000000       0.511878000000000     
 H    2.51239700000000       -3.74303400000000      -0.334435000000000     
 H    3.92508800000000       -4.03580400000000       0.126151000000000     
 O    6.66051200000000       -2.58570000000000       0.155547000000000     
 O    3.67527600000000       -1.19905700000000       0.267191000000000     
 O    3.05486300000000       -4.04633500000000       0.302647000000000     
 H   -7.58491900000000        3.12270500000000      -0.720529000000000     
 Cl  -6.71599600000000        3.93146400000000      -0.326918000000000     
          13
         572
 H   -1.17578700000000       -3.56779300000000        5.29089300000000     
 H   0.204113000000000       -3.71467700000000        4.86603700000000     
 H    3.39559100000000       -2.57203100000000        5.21571900000000     
 H    4.40965700000000       -3.26522500000000        4.31846800000000     
 H    4.62024500000000       -1.10397200000000        2.64945100000000     
 H    5.41166900000000       0.180444000000000        2.03574500000000     
 O  -0.486745000000000       -3.16730700000000        5.00138100000000     
 O    3.53084900000000       -2.71634100000000        4.23747500000000     
 O    5.53943000000000      -0.595622000000000        2.61432300000000     
 H   -5.07449900000000        2.77422000000000       -6.89324600000000     
 Cl  -4.26492300000000        3.28914100000000       -5.92543900000000     
          13
         599
 H    6.24569800000000       0.645671000000000        3.33610800000000     
 H    4.70301000000000       0.373322000000000        2.77340300000000     
 H    6.83503100000000       0.546247000000000      -0.339146000000000     
 H    6.20598100000000      -0.363731000000000       0.947881000000000     
 H    3.96627500000000       -2.07015300000000      -0.155797000000000     
 H    4.83035900000000       -1.03974400000000      -0.472949000000000     
 O    5.76861300000000      -4.950000000000000E-003   2.85111300000000     
 O    6.62431600000000      -0.354624000000000       6.240900000000000E-002
 O    3.97278900000000       -1.21555900000000      -0.432724000000000     
 H   -8.55460300000000       2.678500000000000E-002  -2.37416500000000     
 Cl  -8.18120500000000       0.776573000000000       -1.24165100000000     
          13
         603
 H    2.87393200000000        6.09193000000000        1.26470000000000     
 H    1.75272500000000        5.15039200000000       0.701781000000000     
 H    3.47245800000000        3.51936400000000       -1.64691700000000     
 H    2.85273900000000        4.74557500000000      -0.851649000000000     
 H   0.724425000000000        4.53218900000000       -1.20913100000000     
 H  -0.222479000000000        5.62923200000000      -0.983639000000000     
 O    2.61796100000000        5.14794700000000        1.09612900000000     
 O    2.77112900000000        4.20389000000000       -1.69123100000000     
 O   0.385140000000000        5.02633600000000      -0.617013000000000     
 H   -3.34109800000000       -8.50960600000000       0.669356000000000     
 Cl  -2.87394300000000       -7.18613400000000       0.613720000000000     
          13
         610
 H    4.17560500000000        1.84129200000000       -2.75431800000000     
 H    3.93689000000000        1.13891000000000       -4.11561500000000     
 H    7.37389200000000      -0.351764000000000       0.681474000000000     
 H    6.17104400000000      -0.719060000000000      -0.582639000000000     
 H    3.95917800000000      -0.695496000000000       -1.55276700000000     
 H    4.52875900000000       -2.33583000000000       -1.31551600000000     
 O    3.75898800000000        1.07589200000000       -3.11573300000000     
 O    6.87344000000000       2.815000000000000E-002 -0.180759000000000     
 O    4.42199800000000       -1.33607600000000      -0.909359000000000     
 H   -8.35061400000000        1.21566100000000        2.22504600000000     
 Cl  -7.51305500000000       0.103055000000000        2.13755800000000     
          13
         611
 H    3.42086600000000        2.77090900000000       -2.54085400000000     
 H    1.90448300000000        2.61439000000000       -2.93710500000000     
 H    4.81261300000000        5.22144900000000       -4.36880000000000     
 H    3.38134800000000        5.11409700000000       -5.02913200000000     
 H    2.34808300000000        1.57435200000000      -0.446938000000000     
 H    1.37115200000000        1.09340700000000       0.422271000000000     
 O    2.67083600000000        2.11184200000000       -2.82025900000000     
 O    3.94949000000000        4.94592700000000       -4.18221800000000     
 O    2.15376600000000        1.49684300000000       0.495669000000000     
 H   -4.29992600000000       -5.59091800000000        2.85081700000000     
 Cl  -4.38576700000000       -4.28176000000000        3.32361900000000     
          13
         623
 H    3.33770000000000       -1.06344600000000       5.493200000000000E-002
 H    2.63649500000000       -2.69677500000000      -0.405940000000000     
 H    7.06240700000000       0.567495000000000      -0.617839000000000     
 H    8.40946600000000        1.64311600000000      -0.614787000000000     
 H    3.70132600000000        1.23360800000000       0.382429000000000     
 H    4.88583200000000       0.434749000000000       0.533627000000000     
 O    2.85579900000000       -2.00881700000000       0.270522000000000     
 O    7.82954000000000        1.00576800000000      -7.216100000000000E-002
 O    4.04671400000000       0.421801000000000      -2.584600000000000E-002
 H   -7.24739300000000      -0.984756000000000      -0.547322000000000     
 Cl  -7.39503700000000       0.290890000000000      -4.393900000000000E-002
          13
         646
 H    3.09657500000000       -1.75992900000000        1.66039900000000     
 H    4.55019400000000      -0.917337000000000        1.46243500000000     
 H    3.86268000000000        2.52751400000000       0.191772000000000     
 H    3.95548100000000        1.19991900000000      -0.105861000000000     
 H    5.80877100000000        1.99463300000000      -0.244806000000000     
 H    7.23809400000000        2.37349100000000       0.321809000000000     
 O    3.59394400000000       -1.02509400000000        1.31143000000000     
 O    3.96011300000000        1.99015600000000      -0.627366000000000     
 O    6.62895000000000        1.67301000000000       0.219635000000000     
 H   -7.98820100000000       -1.82014900000000       -1.34023800000000     
 Cl  -7.07871300000000       -1.31054400000000      -0.469371000000000     
          13
         665
 H    3.43150900000000        2.60928300000000       -2.96131200000000     
 H    2.72204900000000        1.45385500000000       -2.30820300000000     
 H    4.53840800000000       0.251194000000000      -0.700622000000000     
 H    3.38166100000000       0.840150000000000       0.155524000000000     
 H    7.75734100000000      -0.344207000000000       -1.44125200000000     
 H    8.45622700000000      -7.101900000000000E-002 -9.259500000000000E-002
 O    2.95865500000000        1.83595500000000       -3.13841700000000     
 O    3.67836100000000       0.179233000000000      -0.443840000000000     
 O    7.77476200000000      -0.568249000000000      -0.511841000000000     
 H   -7.17991200000000       -1.97231000000000        1.89242800000000     
 Cl  -7.25728300000000      -0.741865000000000        2.02958200000000     
          13
         666
 H   -2.53137600000000        4.62332600000000       0.371319000000000     
 H   -1.55969600000000        5.56154500000000       0.646127000000000     
 H   -4.97462500000000        4.18557100000000       9.735300000000000E-002
 H   -5.26037700000000        5.57257900000000      -0.316342000000000     
 H   -3.99013200000000        3.48667000000000       -2.11104200000000     
 H   -3.80571900000000        1.98019400000000       -2.30072700000000     
 O   -1.56835300000000        4.69770200000000       0.252926000000000     
 O   -4.52868600000000        5.00283400000000       3.380700000000000E-002
 O   -4.46395000000000        2.54375000000000       -2.19216100000000     
 H    4.94837800000000       -4.91037200000000        1.00030800000000     
 Cl   5.32602800000000       -6.19127000000000       0.946999000000000     
          13
         670
 H    6.74510300000000       0.112907000000000       -1.77319500000000     
 H    6.77697400000000      -0.290041000000000      -0.296646000000000     
 H    5.96945200000000       -3.49158000000000       0.833431000000000     
 H    5.55534600000000       -2.43224100000000      -0.270521000000000     
 H    3.30640600000000      -0.600496000000000       -1.43928500000000     
 H    4.22930900000000       0.564653000000000       -1.43229300000000     
 O    6.45817100000000       0.306992000000000      -0.879921000000000     
 O    6.24159800000000       -2.59920500000000       0.313727000000000     
 O    3.90214400000000      -5.619000000000000E-003  -2.13807300000000     
 H   -8.91547100000000       0.403854000000000       0.814540000000000     
 Cl  -8.27448100000000        1.21697500000000        1.33996700000000     
          13
         672
 H    2.99200900000000       -2.97048900000000       -2.81474500000000     
 H    3.89654900000000       -3.90574900000000       -1.93734200000000     
 H    3.12003200000000       -5.06713400000000       -3.68999200000000     
 H    2.33928000000000       -6.08704100000000       -4.54422400000000     
 H   0.783139000000000      -0.898221000000000       -2.51403300000000     
 H   0.724096000000000      -0.908716000000000       -4.19057700000000     
 O    2.94759200000000       -3.72576000000000       -2.15728700000000     
 O    3.08268000000000       -5.46798800000000       -4.65181400000000     
 O    1.34692800000000      -0.817576000000000       -3.32793700000000     
 H   -3.70142000000000        5.10501700000000        3.70020300000000     
 Cl  -3.66579600000000        5.00408200000000        5.09718900000000     
          13
         681
 H    4.57270400000000        3.52841300000000       -2.14575700000000     
 H    4.81260400000000        4.93508500000000       -2.37676700000000     
 H    5.38690700000000        2.38723900000000      -0.247406000000000     
 H    5.28356000000000        1.04468700000000       -1.23982800000000     
 H    2.17079400000000        2.07134600000000       -2.34163600000000     
 H    3.17976100000000        1.83919300000000       -1.06542500000000     
 O    5.18797200000000        4.17821900000000       -1.97113500000000     
 O    5.29226200000000        1.43553500000000      -0.313836000000000     
 O    3.15012900000000        1.84671400000000       -2.15874100000000     
 H   -6.96369000000000       -3.93938600000000        3.50633100000000     
 Cl  -6.76495400000000       -3.75372100000000        2.20321600000000     
          13
         705
 H    5.30534600000000       0.629830000000000      -0.257470000000000     
 H    6.76175500000000        1.39003800000000      -0.330367000000000     
 H    6.68995700000000       -1.61268200000000        2.34839800000000     
 H    6.81444200000000      -0.696641000000000        1.30303000000000     
 H    3.69043800000000        1.31563600000000       -1.92801000000000     
 H    3.07197900000000        2.40637600000000       -1.08066800000000     
 O    6.14706800000000       0.481697000000000      -0.382506000000000     
 O    6.14496300000000       -1.00753600000000        1.91319300000000     
 O    3.80232200000000        1.73784700000000       -1.11362900000000     
 H   -8.88738300000000       0.415669000000000       4.084200000000000E-002
 Cl  -8.03662500000000      -0.665395000000000      -0.193771000000000     
          13
         712
 H    3.64381100000000        2.80717200000000      -0.758025000000000     
 H    3.61803300000000        1.72406300000000       -1.80699000000000     
 H    1.87272000000000       0.199903000000000      -0.411932000000000     
 H    1.18294500000000       -1.05810400000000      -0.587190000000000     
 H    7.83517100000000        3.13074200000000      -0.393700000000000     
 H    7.33167200000000        2.17290000000000       0.844459000000000     
 O    3.16874600000000        1.93104600000000      -0.991742000000000     
 O    1.90949900000000      -0.755555000000000      -0.215847000000000     
 O    7.09967000000000        3.05925400000000       0.348153000000000     
 H   -7.00963500000000       -2.49831300000000      -0.419813000000000     
 Cl  -6.10230500000000       -2.12414700000000       0.494990000000000     
          13
         745
 H    1.22769700000000        1.78660300000000       3.164700000000000E-002
 H    1.12220500000000        2.97222500000000       0.802438000000000     
 H    7.19946300000000       0.869532000000000       0.269480000000000     
 H    6.93961800000000       0.298307000000000       -1.17924500000000     
 H    3.52231800000000        2.02621100000000      -0.741881000000000     
 H    4.79694200000000        2.88894000000000      -0.736608000000000     
 O    1.81317300000000        2.44557700000000       0.243376000000000     
 O    7.55870400000000       0.633746000000000      -0.678189000000000     
 O    4.28922100000000        2.31450900000000       -1.37457200000000     
 H   -7.87712600000000       -2.40799900000000        1.44947400000000     
 Cl  -6.73648300000000       -2.71004700000000       0.830430000000000     
          13
         756
 H    4.94077200000000      -0.757684000000000        2.06053400000000     
 H    4.16702100000000       -1.12130200000000       0.837877000000000     
 H    2.89654700000000       -1.20370900000000      -0.841426000000000     
 H    3.54316300000000      -0.855349000000000       -2.20170900000000     
 H    5.20126800000000       -4.35671700000000       0.427222000000000     
 H    6.48532300000000       -3.78738200000000       0.989871000000000     
 O    4.41270800000000      -0.299819000000000        1.27832900000000     
 O    3.37644600000000       -1.62783100000000       -1.52105800000000     
 O    5.55020100000000       -3.92037700000000        1.18480300000000     
 H   -7.47206900000000        3.35396200000000       -1.50388900000000     
 Cl  -6.67079700000000        2.92608300000000      -0.424076000000000     
          13
         770
 H    3.99420000000000       0.197734000000000       0.949466000000000     
 H    4.28536100000000      -0.627930000000000      -0.305650000000000     
 H    4.08545500000000        2.76393400000000        2.70704400000000     
 H    4.44311600000000        2.71435400000000        1.21424500000000     
 H    5.85140700000000        3.14758000000000      -0.487314000000000     
 H    6.42113100000000        3.69054800000000       0.751003000000000     
 O    3.49973600000000      -0.412769000000000       0.222671000000000     
 O    4.27846300000000        2.02355700000000        1.96661300000000     
 O    5.88456400000000        4.02141600000000      -0.124284000000000     
 H   -7.66517600000000       -3.51448500000000      -0.570748000000000     
 Cl  -6.86216500000000       -2.81789400000000       -1.06629100000000     
          13
         773
 H    1.37107300000000        3.41609300000000       0.126467000000000     
 H   4.367900000000000E-002   3.73056900000000      -0.421014000000000     
 H   -2.07519300000000        3.99533000000000        7.19237000000000     
 H   -3.01791400000000        3.80205600000000        6.25756200000000     
 H    2.28914200000000        3.33841500000000        3.05696500000000     
 H    2.33093300000000        4.86833300000000        2.15949000000000     
 O   0.900566000000000        4.03500700000000      -0.486172000000000     
 O   -2.52102800000000        4.55190000000000        6.57684100000000     
 O    2.09426300000000        3.85215300000000        2.15133600000000     
 H  -0.395935000000000       -5.60719600000000       -5.33796900000000     
 Cl -0.230957000000000       -6.19484300000000       -4.14582200000000     
          13
         785
 H   0.937865000000000        5.21437800000000        3.85028500000000     
 H    1.70000400000000        6.33555100000000        2.92582900000000     
 H   0.143552000000000        2.60245100000000        3.19184300000000     
 H  -0.674493000000000        2.50093500000000        1.83713700000000     
 H   -1.92155300000000        4.92240700000000        4.34287200000000     
 H   -1.46940800000000        3.64193900000000        3.75154300000000     
 O    1.60620400000000        5.40559200000000        3.16779500000000     
 O  -0.606740000000000        2.09986700000000        2.66257200000000     
 O   -1.22738800000000        4.28262000000000        4.28315100000000     
 H  -0.122784000000000       -6.46900500000000       -6.28327500000000     
 Cl  0.145929000000000       -5.93314300000000       -5.01825600000000     
          13
         786
 H    4.94871600000000      -0.968242000000000       -4.32432200000000     
 H    4.10619800000000      -0.107387000000000       -3.57885000000000     
 H    3.38728500000000        2.13218900000000       -4.31991200000000     
 H    2.71158900000000        2.08721000000000       -2.72654500000000     
 H    6.83093400000000       -1.06152200000000      -0.531456000000000     
 H    5.96554400000000      -0.409071000000000       -1.68316000000000     
 O    4.85709300000000      -0.552989000000000       -3.45188600000000     
 O    2.77675500000000        1.72151800000000       -3.76237900000000     
 O    6.46125400000000      -0.181425000000000      -0.975794000000000     
 H   -8.13441600000000       -1.05591000000000        4.66904400000000     
 Cl  -7.01704500000000      -0.468083000000000        4.10590100000000     
          13
         800
 H   0.813146000000000      -0.927671000000000        1.85139700000000     
 H    1.52679600000000       -1.88348200000000        2.72314300000000     
 H    3.84368400000000       -4.98499000000000       0.951318000000000     
 H    3.46046500000000       -6.28526400000000        1.65993600000000     
 H    4.19858700000000       -2.43739600000000       0.432800000000000     
 H    5.25958400000000       -3.62445500000000       0.727215000000000     
 O    1.67034300000000       -1.41330900000000        1.74113100000000     
 O    3.88323000000000       -5.48533300000000        1.79503500000000     
 O    4.51638700000000       -3.31142700000000       0.161691000000000     
 H   -5.80709100000000        6.17073200000000       -1.65763000000000     
 Cl  -4.98637000000000        5.07304700000000       -1.88564400000000     
          13
         817
 H    4.64884100000000       0.605010000000000        1.06824900000000     
 H    5.84004800000000       6.483500000000000E-002  0.352026000000000     
 H    5.79661300000000        2.67987400000000       -1.46551100000000     
 H    7.35628300000000        2.43970100000000       -1.29356300000000     
 H    4.05934400000000       -3.10136000000000      -0.661528000000000     
 H    4.78049800000000       -2.05983700000000       0.120460000000000     
 O    5.12217800000000      -0.193013000000000       0.985165000000000     
 O    6.54829100000000        1.93197900000000       -1.43471000000000     
 O    4.83362600000000       -2.96274300000000      -0.240218000000000     
 H   -8.10283300000000      -0.532664000000000       0.772104000000000     
 Cl  -8.24989600000000       0.557417000000000       0.346921000000000     
          13
         823
 H    5.85690700000000       -2.41683000000000        2.69804200000000     
 H    6.17437500000000       -3.87317500000000        2.87053100000000     
 H    3.90219200000000       -2.44169900000000        1.71263800000000     
 H    3.29921100000000       -2.66503400000000       0.299743000000000     
 H    4.60279100000000       0.395921000000000        2.69646400000000     
 H    4.20279900000000      -4.826300000000000E-002   1.42728100000000     
 O    5.77288300000000       -3.36380500000000        2.12382100000000     
 O    3.04046000000000       -2.40770600000000        1.17151400000000     
 O    5.03544600000000      -7.004000000000002E-002   1.90658400000000     
 H   -6.82865600000000        3.84434300000000       -1.96769200000000     
 Cl  -6.94428400000000        2.87938400000000       -2.65963200000000     
          13
         826
 H    3.61726800000000       0.702705000000000      -0.852190000000000     
 H    4.93258800000000      -6.656100000000000E-002 -0.855129000000000     
 H    6.77969600000000       -2.30344100000000        2.07962400000000     
 H    7.88032600000000       -1.02736400000000        2.91306000000000     
 H   0.831185000000000        1.76306600000000       -1.43311900000000     
 H    1.87743900000000        2.74646100000000      -0.711517000000000     
 O    4.25742900000000       0.241749000000000       -1.43503900000000     
 O    7.52860100000000       -1.60055600000000        2.13347800000000     
 O    1.37780600000000        1.88544800000000      -0.754980000000000     
 H   -7.50305500000000      -0.193287000000000      -0.930050000000000     
 Cl  -6.55171000000000      -0.287659000000000       1.985200000000000E-002
          13
         846
 H    4.22956100000000      -0.434572000000000       4.457200000000000E-002
 H    2.80494700000000       0.442606000000000      -4.220200000000000E-002
 H    6.24172700000000       -1.41376500000000       0.795869000000000     
 H    5.84636700000000       -1.19161000000000      -0.532458000000000     
 H    5.76695400000000        1.22039500000000      -0.735443000000000     
 H    7.09712300000000        1.98321800000000      -0.777772000000000     
 O    3.70383300000000       0.338805000000000       0.201402000000000     
 O    5.61180700000000       -1.67390500000000       0.147026000000000     
 O    6.76476000000000        1.15072300000000       -1.07510000000000     
 H   -8.71446900000000        1.02588300000000       0.305707000000000     
 Cl  -8.02579300000000       3.755400000000000E-002  0.359467000000000     
          13
         848
 H    3.61095400000000       -2.54862200000000       -1.75690600000000     
 H    3.08102500000000       -1.35250900000000       -2.45573200000000     
 H    7.01873700000000       -2.66129300000000       0.939778000000000     
 H    6.02511000000000       -1.52834600000000       0.612156000000000     
 H    3.57268800000000      -0.196771000000000        1.58519800000000     
 H    3.34344800000000       -1.20912200000000       0.580297000000000     
 O    2.98684500000000       -1.70880400000000       -1.57972700000000     
 O    6.94366900000000       -1.70030000000000       0.514110000000000     
 O    4.01915600000000      -0.842074000000000        1.04181400000000     
 H   -7.74646200000000        3.06443600000000      -0.222158000000000     
 Cl  -6.92127900000000        2.13139400000000       3.099900000000000E-002
          13
         849
 H    5.05093800000000       -1.95720700000000        2.38640400000000     
 H    4.14271200000000      -0.779560000000000        1.92195500000000     
 H    1.37801200000000       -1.03617700000000        1.89733300000000     
 H    2.10564700000000       -1.99975100000000        1.12810400000000     
 H    4.28612000000000      -1.729900000000000E-002   6.35084400000000     
 H    4.35399000000000       0.129860000000000        4.96865200000000     
 O    5.08069600000000       -1.13236200000000        1.76146600000000     
 O    2.38614800000000       -1.38883500000000        1.82214000000000     
 O    4.15286000000000      -0.519966000000000        5.54222900000000     
 H   -6.14399600000000        2.59150400000000       -5.33047600000000     
 Cl  -5.74530900000000        1.48057100000000       -4.55759200000000     
          13
         853
 H    5.76402900000000       -1.43261700000000       -1.19305500000000     
 H    6.47680300000000       -2.39363400000000       -2.19759800000000     
 H    4.48792400000000      -0.252948000000000       0.219354000000000     
 H    4.14182800000000       0.435495000000000       -1.25430100000000     
 H    4.33175700000000       -2.36185800000000        1.48195300000000     
 H    5.78342400000000       -2.38135700000000        1.58102000000000     
 O    6.65068100000000       -1.88230600000000       -1.40965300000000     
 O    3.97186100000000      -0.375152000000000      -0.647577000000000     
 O    5.04273100000000       -1.90267100000000        1.41269000000000     
 H   -8.63732600000000        1.42864300000000       0.803202000000000     
 Cl  -7.80867100000000        2.10354600000000       0.310941000000000     
          13
         855
 H    6.52827100000000       -3.07133300000000       0.605485000000000     
 H    7.29688900000000       -2.78261800000000        1.85059600000000     
 H    5.26354500000000       6.431099999999999E-002 -0.911933000000000     
 H    5.49221400000000       -1.11447600000000       0.286766000000000     
 H    2.97189700000000      -0.322682000000000       0.179460000000000     
 H    2.40858500000000       0.370406000000000        1.60846300000000     
 O    6.69069100000000       -2.45609700000000        1.25630100000000     
 O    4.86407000000000      -0.588215000000000      -0.243247000000000     
 O    2.15277400000000       0.231959000000000       0.665311000000000     
 H   -7.65802200000000        2.20141500000000      -3.311200000000000E-002
 Cl  -6.91178000000000        1.42063200000000      -0.871359000000000     
          13
         861
 H    3.17969800000000        1.66672100000000       -1.80710000000000     
 H    3.45130500000000        2.94392000000000       -1.27628200000000     
 H    3.46002100000000        2.48701500000000       -4.75011900000000     
 H    4.71849100000000        1.95490300000000       -5.55360100000000     
 H    4.59131900000000        4.73626700000000       -1.36213500000000     
 H    3.91401500000000        5.65850700000000      -0.704885000000000     
 O    3.59016300000000        2.43616100000000       -2.08057200000000     
 O    3.90968800000000        2.39823800000000       -5.71072300000000     
 O    4.04651300000000        4.78831900000000      -0.690492000000000     
 H   -6.63637200000000       -4.35948400000000        3.57229700000000     
 Cl  -5.76043300000000       -4.83597800000000        4.22140000000000     
          13
         874
 H    2.57561300000000       -1.60642800000000       -5.10601400000000     
 H    3.25759400000000       -1.99316900000000       -6.53945400000000     
 H    1.05849700000000       0.200158000000000       -3.71669100000000     
 H    1.94380900000000      -0.806437000000000       -2.86903000000000     
 H    6.09319000000000       -1.43223600000000       -4.15624900000000     
 H    4.79336500000000      -0.531270000000000       -4.24155800000000     
 O    3.27877200000000       -1.49311900000000       -5.67891100000000     
 O    1.19405600000000      -0.682270000000000       -3.38163300000000     
 O    5.76283800000000      -0.573433000000000       -3.85035900000000     
 H   -4.86395700000000       0.691902000000000        5.38292300000000     
 Cl  -5.10716500000000        1.41609800000000        6.51798400000000     
          13
         887
 H    2.40287500000000        6.16293100000000       -2.46903600000000     
 H    2.24263700000000        7.74858400000000       -2.04533700000000     
 H    1.94407600000000        5.16740900000000       0.567404000000000     
 H   0.917070000000000        5.96203800000000        1.49898700000000     
 H   -1.11113700000000        1.78326500000000       0.366212000000000     
 H  -0.244488000000000        2.50925600000000        1.52292200000000     
 O    2.72215200000000        6.91124900000000       -2.00706100000000     
 O    1.74039200000000        5.42219300000000        1.43116200000000     
 O  -0.970628000000000        2.62227000000000       0.947547000000000     
 H  -0.964659000000000       -6.39479400000000       0.182689000000000     
 Cl  -1.74257200000000       -7.50240100000000      -0.159433000000000     
