    3    58.58
    8    70.95
    5    83.32
   14    95.68
   26   108.05
   31   120.41
   40   132.78
   59   145.15
   73   157.51
   74   169.88
   78   182.25
   93   194.61
   95   206.98
   80   219.34
  111   231.71
   83   244.08
  100   256.44
  109   268.81
   91   281.17
   93   293.54
  116   305.91
   95   318.27
   87   330.64
   50   343.01
   80   355.37
   63   367.74
   62   380.10
   50   392.47
   54   404.84
   51   417.20
   50   429.57
   54   441.94
   55   454.30
   33   466.67
   31   479.03
   25   491.40
   26   503.77
   28   516.13
   12   528.50
   19   540.86
   14   553.23
   17   565.60
    9   577.96
    8   590.33
    6   602.70
    6   615.06
    3   627.43
    6   639.79
    3   652.16
    2   664.53

    2    74.00
    4    87.35
   14   100.70
   25   114.05
   22   127.40
   33   140.75
   44   154.10
   42   167.45
   52   180.80
   65   194.15
   59   207.50
   58   220.85
   62   234.20
   69   247.55
   72   260.90
   60   274.25
   57   287.60
   67   300.95
   59   314.30
   55   327.65
   42   341.00
   55   354.35
   65   367.70
   45   381.05
   37   394.40
   37   407.75
   42   421.10
   21   434.45
   23   447.80
   27   461.15
   19   474.50
   13   487.85
   13   501.20
   21   514.55
   13   527.90
   10   541.25
    8   554.60
    6   567.95
    2   581.30
    2   594.65

