      #Hard_ZPE      #Hard_ZPE      #Hard_ZPE
 #Erot(HCl)cm-1             #J    #Speed(m/s)
         593.23              7         151.61
         444.92              6         157.85
         127.12              3         434.47
          21.19              1         159.75
         593.23              7         303.00
         317.80              5         203.14
         317.80              5         253.75
         762.73              8         252.54
          63.56              2         397.07
         127.12              3         216.68
          63.56              2         197.97
         593.23              7         204.20
         317.80              5         430.45
         444.92              6         327.75
         127.12              3         234.67
         211.87              4         181.75
          21.19              1         123.58
         444.92              6         278.71
          21.19              1         176.94
         211.87              4         302.49
          21.19              1         225.98
          21.19              1         412.79
         317.80              5         326.85
          63.56              2         537.46
         444.92              6         215.13
         317.80              5         211.11
          21.19              1         168.93
           0.00              0         263.02
          21.19              1         275.66
         593.23              7         239.63
         444.92              6         240.66
         127.12              3         245.29
         317.80              5         251.87
         211.87              4         525.39
          63.56              2         421.14
         127.12              3         409.23
         317.80              5         187.80
          63.56              2         179.96
         444.92              6         129.28
         444.92              6         280.50
         127.12              3         237.38
         317.80              5         155.58
          63.56              2         289.64
          63.56              2         431.03
         211.87              4         199.67
         211.87              4         378.66
           0.00              0         370.25
         127.12              3         340.74
         127.12              3         231.32
         127.12              3         510.99
         953.41              9         106.40
         317.80              5         321.62
         593.23              7         344.63
         317.80              5         241.15
         127.12              3         166.47
         211.87              4         218.23
          63.56              2         168.32
         211.87              4         336.17
         317.80              5         273.32
         127.12              3         128.98
          21.19              1         481.57
         211.87              4         229.08
         127.12              3         516.51
         317.80              5         478.05
         211.87              4         191.66
         317.80              5         119.10
         317.80              5         195.23
         127.12              3         204.85
         593.23              7         224.67
         127.12              3         292.07
         127.12              3         272.35
          63.56              2         347.53
          21.19              1         243.21
          63.56              2         298.19
          21.19              1         376.48
          63.56              2         437.36
         127.12              3         426.57
         953.41              9         308.93
         211.87              4         323.00
         127.12              3         322.98
           0.00              0         144.36
         444.92              6         252.12
          63.56              2         357.22
         317.80              5         226.55
          21.19              1         545.14
         444.92              6         391.84
          21.19              1         489.48
         317.80              5         215.54
         211.87              4         237.42
         127.12              3         108.18
         127.12              3         235.78
         211.87              4         253.50
         317.80              5         291.37
          21.19              1         312.87
         317.80              5         283.26
         211.87              4         228.38
         127.12              3         222.06
         211.87              4         315.33
         317.80              5         329.11
         127.12              3         326.06
         593.23              7         313.58
          21.19              1         214.39
          21.19              1         400.24
           0.00              0         196.14
         317.80              5         294.24
         127.12              3         330.23
           0.00              0         408.82
         211.87              4         208.46
          21.19              1         274.78
         317.80              5         151.28
         317.80              5         393.21
          21.19              1         206.79
         762.73              8         257.28
         211.87              4         320.94
         593.23              7         397.32
         444.92              6         367.03
         444.92              6         102.71
          63.56              2         251.08
         211.87              4         191.41
         211.87              4         199.45
         317.80              5         158.41
          21.19              1         391.72
         444.92              6         469.55
         211.87              4         480.86
         127.12              3         327.59
         211.87              4         151.23
         127.12              3         292.51
         127.12              3         212.16
         211.87              4         521.30
         127.12              3         275.00
         317.80              5         216.00
         317.80              5         406.24
         211.87              4         495.45
         211.87              4         360.11
          63.56              2         283.54
         127.12              3         161.84
         317.80              5         296.66
          63.56              2         289.59
         211.87              4         115.51
         211.87              4         209.92
         127.12              3         301.42
         444.92              6         188.63
         127.12              3         448.15
         762.73              8         275.49
          21.19              1         470.35
         211.87              4         294.31
         444.92              6         187.36
          63.56              2         128.96
         127.12              3         160.94
         211.87              4         316.24
         127.12              3         372.27
         211.87              4         261.93
         211.87              4         309.51
          21.19              1         209.63
         211.87              4         243.96
         317.80              5         241.45
         211.87              4         219.33
          63.56              2         294.26
         211.87              4         218.32
         317.80              5         452.62
         317.80              5         162.27
         317.80              5          85.36
         127.12              3         207.18
          63.56              2         169.50
         211.87              4         267.70
         127.12              3         335.84
         211.87              4         346.42
          63.56              2         254.29
          21.19              1         145.21
         127.12              3         224.86
         127.12              3         463.97
          21.19              1         421.29
          21.19              1         407.36
         127.12              3         209.97
         444.92              6         171.19
         127.12              3         316.67
          21.19              1         279.25
         444.92              6         400.17
         211.87              4         345.56
         127.12              3         506.73
         127.12              3         313.68
         317.80              5         286.84
         127.12              3         198.34
         317.80              5         561.59
          63.56              2         238.70
          21.19              1         151.59
          63.56              2         226.16
         211.87              4         344.62
         211.87              4         261.57
         444.92              6         219.32
          63.56              2         288.60
         444.92              6         385.02
         444.92              6         388.56
         127.12              3         331.45
         317.80              5         188.64
         127.12              3         485.06
         593.23              7         239.85
         317.80              5         274.97
         127.12              3         393.24
         211.87              4         176.07
         211.87              4         161.56
         317.80              5         178.94
         211.87              4         176.69
         211.87              4         317.96
         211.87              4         333.55
         211.87              4         390.50
         127.12              3         524.88
         127.12              3         433.87
          63.56              2         465.49
         127.12              3         501.79
          63.56              2         457.40
          21.19              1         203.20
         127.12              3          92.96
         317.80              5         225.42
         127.12              3         206.72
         211.87              4         415.95
          63.56              2         238.46
         317.80              5         324.83
         211.87              4         214.37
          63.56              2         157.11
          21.19              1         239.35
          21.19              1         298.51
         444.92              6         224.75
          21.19              1         120.25
         317.80              5         291.92
          63.56              2         407.92
         127.12              3         222.87
         127.12              3         339.43
         127.12              3         505.33
         593.23              7         349.58
         211.87              4         158.94
          63.56              2         278.31
         444.92              6         293.35
         593.23              7         350.38
         317.80              5         198.23
          63.56              2         269.54
          63.56              2         179.54
          21.19              1         319.33
         444.92              6         257.88
          21.19              1         463.68
         211.87              4         140.93
          63.56              2         327.78
         593.23              7         265.20
          21.19              1         185.94
          21.19              1         414.60
         127.12              3         230.26
          21.19              1         241.77
           0.00              0         324.54
         127.12              3          77.79
         127.12              3         330.40
         762.73              8         150.55
          63.56              2         232.21
         127.12              3         176.38
          63.56              2         340.05
         127.12              3         458.02
         317.80              5         390.64
         211.87              4         486.66
         211.87              4         410.77
         593.23              7         261.48
         317.80              5         258.61
         127.12              3         203.38
          21.19              1         271.14
         211.87              4         385.90
         211.87              4         283.54
          21.19              1         405.82
         317.80              5         154.26
          21.19              1         464.04
         211.87              4         451.44
         211.87              4         307.33
          63.56              2         265.87
         317.80              5         211.24
         317.80              5         220.50
         127.12              3         184.86
         127.12              3         182.88
          63.56              2         322.02
         317.80              5         336.13
         593.23              7         204.41
         211.87              4         409.21
          21.19              1         350.06
         444.92              6         251.43
         127.12              3         300.09
         127.12              3         222.42
         593.23              7         135.42
         317.80              5         185.08
         127.12              3         236.22
         127.12              3         205.60
         317.80              5         374.01
          21.19              1         224.32
          21.19              1         217.99
         127.12              3         314.54
          63.56              2         328.28
          63.56              2         536.89
          63.56              2         489.01
         127.12              3         392.75
         317.80              5         232.71
         317.80              5         207.02
         211.87              4         131.72
         211.87              4         374.44
         211.87              4         513.09
          21.19              1         450.71
         211.87              4         214.41
         317.80              5         163.78
          63.56              2         319.41
         211.87              4         168.24
         127.12              3         188.78
          63.56              2         181.95
          63.56              2         393.58
         127.12              3         487.24
          63.56              2         213.26
          63.56              2         397.78
          63.56              2         300.94
         127.12              3         181.36
         127.12              3         432.81
         317.80              5         212.09
         127.12              3         328.81
         317.80              5         150.99
         127.12              3         486.35
         127.12              3         274.71
         317.80              5         181.55
         317.80              5         495.34
         211.87              4         310.46
         444.92              6         241.05
         127.12              3         501.96
          63.56              2         241.70
         317.80              5         215.86
         317.80              5         220.72
         593.23              7         122.02
         127.12              3         151.56
         127.12              3         251.27
         317.80              5         171.57
          21.19              1         345.19
           0.00              0         385.01
         211.87              4         405.70
         127.12              3          73.23
         317.80              5         189.65
         211.87              4         191.73
         317.80              5         108.66
          21.19              1         409.55
         317.80              5         253.26
         317.80              5         407.17
          63.56              2         223.59
         444.92              6         133.78
         127.12              3         165.55
         317.80              5         339.02
         127.12              3         395.98
          63.56              2         435.01
          63.56              2         266.69
         317.80              5         288.43
         444.92              6         161.96
          63.56              2         267.15
          21.19              1         471.82
         127.12              3         181.25
         317.80              5         137.66
         593.23              7          98.83
         211.87              4         354.43
          63.56              2         395.52
          21.19              1         445.24
         127.12              3         520.76
          63.56              2         519.12
         127.12              3         263.63
          21.19              1         408.19
          63.56              2         327.79
           0.00              0         205.14
          63.56              2         103.30
         127.12              3         294.38
         211.87              4         152.72
          63.56              2         371.06
          21.19              1         180.14
          63.56              2         217.34
          63.56              2         403.79
         127.12              3         254.15
          63.56              2         318.97
          63.56              2         259.69
         593.23              7         158.51
           0.00              0         177.41
         593.23              7         169.13
         317.80              5         471.97
          63.56              2         204.53
         127.12              3         205.25
          63.56              2         150.19
         127.12              3         402.67
         211.87              4         371.93
         211.87              4         212.29
          21.19              1         239.37
          21.19              1         297.88
         317.80              5         380.00
         211.87              4         313.14
          63.56              2         371.83
          21.19              1         397.58
          63.56              2         110.36
          63.56              2         423.24
         444.92              6         280.15
          63.56              2         389.56
         127.12              3         208.43
          63.56              2         352.89
         211.87              4         401.17
         211.87              4         360.89
          63.56              2         204.83
         762.73              8         187.93
         127.12              3         119.19
         127.12              3         412.73
         317.80              5         154.83
         211.87              4         143.58
          63.56              2         248.37
          63.56              2         355.95
          63.56              2         288.95
          21.19              1         136.97
         211.87              4         307.05
          21.19              1         346.63
         211.87              4         260.75
         317.80              5         199.37
         127.12              3         244.63
          63.56              2         235.97
         127.12              3         353.57
           0.00              0         146.19
         127.12              3         191.40
         127.12              3         393.46
           0.00              0         130.56
         444.92              6         165.86
         444.92              6         409.99
         211.87              4         179.91
         211.87              4         265.32
         211.87              4         142.70
         127.12              3         303.93
         127.12              3         350.23
         127.12              3         512.16
         317.80              5         333.21
          21.19              1         406.79
         593.23              7         176.46
          21.19              1         207.82
          21.19              1         301.17
         127.12              3         192.49
         444.92              6         460.91
          63.56              2         198.38
         127.12              3         475.42
         127.12              3         243.79
          63.56              2         467.91
         211.87              4         266.97
         127.12              3         469.58
         211.87              4         171.44
         211.87              4         174.30
         593.23              7         374.70
         593.23              7         113.86
         317.80              5         142.97
         127.12              3         314.88
         211.87              4          69.92
         211.87              4         227.18
         317.80              5         202.31
          21.19              1         234.10
          63.56              2         457.76
         593.23              7         336.82
          63.56              2         235.62
          63.56              2         233.14
         127.12              3         384.85
         211.87              4         252.63
          63.56              2         278.13
         127.12              3         134.65
         444.92              6         240.02
         762.73              8         380.98
          63.56              2         253.85
         444.92              6         237.05
         211.87              4         280.20
           0.00              0         394.99
          21.19              1         170.49
          21.19              1         467.25
         211.87              4         447.22
          63.56              2         371.73
         127.12              3         185.58
         211.87              4         100.94
         211.87              4         210.14
          63.56              2         329.08
         593.23              7         204.14
         211.87              4         212.44
          63.56              2         207.85
         127.12              3         249.23
         211.87              4         161.02
         211.87              4         361.42
          63.56              2         299.89
         127.12              3         380.34
         444.92              6         437.26
          21.19              1         321.95
          21.19              1         190.20
         127.12              3         392.84
         211.87              4         227.18
          63.56              2         123.65
          63.56              2         433.93
         211.87              4         166.02
         317.80              5         252.58
          21.19              1         283.20
         127.12              3         228.30
         444.92              6         142.64
         127.12              3         110.42
         444.92              6         188.37
         127.12              3         240.13
         211.87              4         302.63
         211.87              4         346.56
           0.00              0         523.21
         211.87              4         347.57
         317.80              5         161.16
         211.87              4         309.35
         593.23              7         288.89
         444.92              6         244.83
         444.92              6         411.63
         317.80              5         250.02
          21.19              1         396.13
          63.56              2         320.09
          63.56              2         156.30
         444.92              6         216.26
         211.87              4         155.27
         444.92              6         105.63
         211.87              4         196.36
         317.80              5         228.18
          63.56              2         201.32
          63.56              2          98.19
          63.56              2         345.41
         317.80              5         182.92
         317.80              5         180.25
          63.56              2         466.87
         211.87              4         284.88
           0.00              0         339.10
          21.19              1         186.64
         211.87              4         267.49
         211.87              4         497.51
         127.12              3         234.27
         127.12              3         135.34
         127.12              3         240.65
         593.23              7         169.25
         211.87              4         175.16
         211.87              4         284.08
         211.87              4         300.69
         211.87              4         309.55
          21.19              1         302.63
          21.19              1         137.77
         444.92              6         364.23
          21.19              1         316.52
         211.87              4         277.49
         127.12              3         478.22
         317.80              5         210.62
         317.80              5         252.05
         762.73              8         368.79
          21.19              1         427.10
         211.87              4         269.67
         444.92              6         105.83
          63.56              2         329.94
          63.56              2         318.43
         127.12              3         198.54
         211.87              4         448.66
         444.92              6         451.72
         444.92              6         261.59
         593.23              7         162.96
          21.19              1         454.36
         127.12              3         146.27
         317.80              5         174.17
         593.23              7         397.52
          63.56              2         419.59
         444.92              6         215.34
         127.12              3         361.11
          63.56              2         298.61
         211.87              4         303.48
         127.12              3         397.46
         211.87              4         238.36
         127.12              3         329.11
          63.56              2         265.85
         127.12              3         302.65
          63.56              2         261.62
         211.87              4         267.10
          63.56              2         165.41
          63.56              2         161.59
         127.12              3         185.71
           0.00              0         243.67
         317.80              5         261.23
         211.87              4         245.15
         317.80              5         190.07
         317.80              5         344.56
          21.19              1         191.46
          63.56              2         110.93
         211.87              4         207.47
         317.80              5         278.57
         762.73              8         185.55
           0.00              0         322.53
          21.19              1         203.11
         127.12              3         507.16
         127.12              3         516.51
         444.92              6         254.02
          63.56              2         153.78
          63.56              2         475.89
         127.12              3         436.69
         211.87              4         257.45
          63.56              2         289.83
         127.12              3         295.96
          63.56              2         485.46
          63.56              2         443.65
          63.56              2         229.11
         317.80              5         263.22
          21.19              1         263.38
          63.56              2         419.65
         444.92              6         357.70
         444.92              6         152.84
          63.56              2         204.38
          63.56              2         261.88
         127.12              3         284.08
         593.23              7         151.06
          21.19              1         311.30
         211.87              4         479.69
         317.80              5         241.25
         211.87              4         233.61
         593.23              7         402.47
         127.12              3         190.60
          63.56              2         199.31
          63.56              2         153.85
          63.56              2         135.37
         211.87              4         208.66
         317.80              5         402.97
         127.12              3         367.75
          21.19              1         566.41
           0.00              0         357.36
         211.87              4         362.48
         317.80              5         502.99
         211.87              4         355.01
         211.87              4         363.81
         444.92              6         301.27
         127.12              3         191.63
         317.80              5         373.15
         444.92              6         173.90
         127.12              3         214.49
         127.12              3         449.26
         127.12              3         444.16
         211.87              4         161.45
         317.80              5         142.15
         211.87              4         382.35
         211.87              4         195.74
         593.23              7         267.86
         127.12              3         255.36
         211.87              4         444.83
         127.12              3         392.34
         444.92              6         437.61
         593.23              7         168.28
        1165.28             10         190.39
         127.12              3         447.47
         127.12              3         264.46
         127.12              3         403.47
         211.87              4         180.22
         211.87              4         162.91
          21.19              1         210.16
         317.80              5         149.66
          21.19              1         159.02
          63.56              2         286.64
         127.12              3         271.19
         593.23              7         151.19
          63.56              2         230.32
         127.12              3         322.73
         211.87              4         436.71
         211.87              4         233.80
         127.12              3         214.07
         127.12              3         401.12
         317.80              5         253.26
         211.87              4         372.95
          63.56              2         490.96
         593.23              7         174.60
          63.56              2         225.19
          63.56              2         351.94
         211.87              4         305.32
         317.80              5         245.68
         127.12              3         242.80
         211.87              4         305.71
         317.80              5         444.07
         317.80              5         574.24
         317.80              5         226.09
          63.56              2         289.43
          63.56              2         346.47
         127.12              3         213.03
         211.87              4         200.38
         317.80              5         230.75
          21.19              1         345.73
         211.87              4         249.33
          63.56              2         200.89
         127.12              3         232.92
         211.87              4         301.88
          21.19              1         328.62
           0.00              0         235.09
         444.92              6         213.58
         211.87              4         129.47
         127.12              3         247.50
         127.12              3         622.49
           0.00              0         169.56
         317.80              5         454.43
          63.56              2         506.19
          63.56              2         392.40
         317.80              5         251.67
         127.12              3         153.48
         317.80              5         209.61
         444.92              6         354.86
         762.73              8         279.06
          21.19              1         323.65
         317.80              5         192.43
          63.56              2         408.50
         317.80              5         174.48
          63.56              2         300.94
         211.87              4         116.04
         444.92              6         256.41
         127.12              3         246.90
         211.87              4         209.44
         211.87              4         273.68
         127.12              3         376.76
         317.80              5         333.54
          63.56              2         260.93
         211.87              4         328.52
          21.19              1         356.07
          63.56              2         376.36
         127.12              3         227.89
          21.19              1         188.46
         317.80              5         246.88
         444.92              6         163.60
         127.12              3         344.53
         211.87              4         232.68
          63.56              2         263.67
           0.00              0         470.96
          21.19              1         237.31
          63.56              2         433.00
          63.56              2         481.38
         593.23              7         189.16
         127.12              3         279.50
         127.12              3         196.42
         593.23              7         358.11
         953.41              9         205.46
         444.92              6         154.22
         127.12              3         287.58
         211.87              4         293.42
          63.56              2         290.37
          63.56              2         525.39
          21.19              1         477.72
          21.19              1         353.64
          21.19              1         247.22
         593.23              7         296.86
         317.80              5         245.10
         593.23              7         283.96
         211.87              4         335.14
          63.56              2         296.74
          63.56              2         629.18
         317.80              5         346.20
         593.23              7         361.09
         127.12              3         108.52
          21.19              1         144.16
          21.19              1         424.38
         317.80              5         367.15
         211.87              4         282.76
         127.12              3         248.97
         127.12              3         170.66
         211.87              4         160.64
         317.80              5         381.93
         211.87              4         329.41
          63.56              2         130.34
         593.23              7         299.21
         593.23              7         210.31
         317.80              5         186.06
          63.56              2         289.86
         127.12              3         354.27
           0.00              0         187.64
         593.23              7         292.49
          63.56              2         138.35
          63.56              2         157.53
         444.92              6         273.70
         211.87              4         266.65
          21.19              1         196.45
           0.00              0         322.95
         127.12              3         209.63
         211.87              4         316.45
         127.12              3         280.69
         211.87              4         532.45
          21.19              1         384.16
          63.56              2         326.62
         317.80              5         237.57
         444.92              6         309.68
         762.73              8         193.46
          63.56              2         183.38
         211.87              4         152.86
         211.87              4         175.59
         444.92              6         148.34
         211.87              4         312.25
          21.19              1         366.18
         211.87              4         291.77
         593.23              7         419.52
         127.12              3         233.14
         762.73              8         282.42
         211.87              4         181.99
         317.80              5         137.01
         317.80              5         148.04
          21.19              1         260.71
         317.80              5         389.33
          21.19              1         226.42
          21.19              1         201.97
         317.80              5         194.09
          21.19              1         502.77
         317.80              5         283.05
          63.56              2         328.53
         127.12              3         222.57
          63.56              2         220.51
          21.19              1         248.15
          21.19              1         356.52
         317.80              5         198.67
         211.87              4         305.73
         127.12              3         132.01
          21.19              1         255.23
          21.19              1         403.80
          21.19              1         285.07
          63.56              2         197.75
         211.87              4         267.39
         444.92              6         180.87
         127.12              3         445.49
         444.92              6         197.11
         444.92              6         371.76
         211.87              4         416.99
         211.87              4         163.61
         317.80              5         268.18
          21.19              1         229.15
         593.23              7         193.86
          63.56              2         238.54
          63.56              2         244.89
         127.12              3         275.33
         127.12              3         362.27
         317.80              5         377.19
         444.92              6         369.12
         127.12              3         316.89
         317.80              5         260.88
         211.87              4         403.78
          63.56              2         323.76
         127.12              3         425.90
         317.80              5         281.16
          21.19              1         275.87
         317.80              5         202.61
          21.19              1         295.67
         127.12              3         199.77
         127.12              3         140.08
          21.19              1         297.33
         762.73              8         318.17
         317.80              5         205.22
         211.87              4         242.05
          21.19              1         338.76
          63.56              2         421.69
         211.87              4         233.56
         127.12              3         141.24
         211.87              4         139.00
         127.12              3         313.25
          21.19              1         129.55
         127.12              3         586.23
          21.19              1         186.19
         211.87              4         255.33
          63.56              2         217.09
          63.56              2         256.04
         127.12              3         323.72
         127.12              3         175.54
         211.87              4         260.89
          63.56              2         218.86
         127.12              3         281.66
         444.92              6         218.92
          21.19              1         122.66
         127.12              3         301.84
         211.87              4         283.17
         444.92              6         370.68
         211.87              4         188.04
         127.12              3         519.26
         211.87              4         253.91
         211.87              4         357.81
         211.87              4         279.14
         317.80              5         441.03
          63.56              2         205.82
         317.80              5         343.17
         762.73              8         299.62
          63.56              2         230.40
           0.00              0         287.94
         444.92              6         183.52
         127.12              3         262.09
         127.12              3         437.63
         317.80              5         321.28
         444.92              6         223.50
         127.12              3         342.58
         444.92              6         184.88
         444.92              6         262.09
         211.87              4         221.71
         317.80              5         404.03
         317.80              5         197.89
         127.12              3         317.76
         444.92              6         275.30
         444.92              6         435.14
         444.92              6         146.38
         127.12              3         144.81
         444.92              6         162.84
          63.56              2         137.98
         127.12              3         301.04
         127.12              3         180.72
         444.92              6         324.45
         211.87              4         506.80
         317.80              5         335.90
         211.87              4         302.22
          63.56              2         508.67
         317.80              5         449.89
         127.12              3         211.15
         444.92              6         134.28
         444.92              6         385.42
          21.19              1         353.94
          63.56              2         405.65
          21.19              1         402.36
         444.92              6         118.00
         127.12              3         250.68
         127.12              3         433.29
         444.92              6         264.74
         127.12              3         399.05
         444.92              6         298.24
         317.80              5         216.18
         211.87              4         319.75
           0.00              0         148.99
         127.12              3         399.55
         211.87              4         390.95
         211.87              4         431.84
         127.12              3         202.74
          63.56              2         193.83
         317.80              5         357.48
         211.87              4         204.86
         444.92              6         193.64
         317.80              5         166.60
         317.80              5         177.34
         211.87              4         175.45
         127.12              3         189.98
         593.23              7         103.56
         317.80              5         354.67
         211.87              4         223.03
         127.12              3         311.89
          21.19              1         271.74
          21.19              1         392.14
         211.87              4         277.06
         127.12              3         183.26
          21.19              1         260.13
         762.73              8         310.79
         593.23              7         273.15
         444.92              6         278.49
          21.19              1         460.04
         127.12              3         199.81
           0.00              0         205.97
         211.87              4         320.92
         127.12              3         345.85
         444.92              6         322.90
         317.80              5         209.73
         127.12              3         318.52
         211.87              4         519.42
         127.12              3         327.49
         127.12              3         182.64
         127.12              3         203.36
         127.12              3         250.28
          63.56              2         292.39
         317.80              5         142.23
         211.87              4         158.29
           0.00              0         237.84
         211.87              4         328.43
         127.12              3         264.96
         211.87              4         186.96
         444.92              6         207.28
         593.23              7         242.58
         317.80              5         270.17
         127.12              3         264.33
         127.12              3         395.98
         444.92              6         409.63
          63.56              2         220.43
         211.87              4         114.82
         211.87              4         317.03
         127.12              3         143.54
         211.87              4         182.58
          21.19              1         457.05
          21.19              1         369.34
         317.80              5         309.31
          63.56              2         105.08
         211.87              4         179.69
         127.12              3         127.37
          63.56              2         158.28
         317.80              5         177.83
          21.19              1         368.38
         444.92              6         269.39
          21.19              1         394.38
         211.87              4         313.71
          21.19              1         359.63
          21.19              1         157.09
         211.87              4         400.54
         127.12              3         335.49
         317.80              5         297.73
         211.87              4         370.47
         211.87              4         147.19
         593.23              7         326.66
          21.19              1         295.32
          21.19              1         488.51
         127.12              3         579.63
          63.56              2         104.93
         444.92              6         247.32
         127.12              3         396.33
         211.87              4         329.05
         444.92              6         174.93
         127.12              3         301.67
         127.12              3         226.30
         317.80              5         113.86
         127.12              3         194.15
         444.92              6         287.68
         317.80              5         271.03
          63.56              2         437.67
         593.23              7         320.10
         211.87              4         370.83
         211.87              4         181.46
         593.23              7         165.79
         593.23              7         265.52
         127.12              3         195.12
         953.41              9         275.57
         317.80              5         288.29
         127.12              3         110.07
         127.12              3         274.27
          63.56              2         264.84
         317.80              5         270.39
         211.87              4         151.93
          63.56              2         256.26
          21.19              1         325.55
         317.80              5         281.86
         953.41              9         278.80
          63.56              2         257.17
         211.87              4         171.49
         211.87              4         250.77
         444.92              6         155.66
         127.12              3         224.14
          21.19              1         145.84
          21.19              1         351.51
         211.87              4         501.09
         211.87              4         135.82
          63.56              2         224.78
         211.87              4         209.93
         317.80              5         248.84
          63.56              2         205.12
         211.87              4         418.94
          63.56              2         328.76
         317.80              5         535.51
         762.73              8         209.24
          63.56              2         195.60
         444.92              6         213.09
          21.19              1         150.23
         762.73              8         277.74
         211.87              4         354.43
         444.92              6         197.89
         444.92              6         280.28
          21.19              1         306.07
          63.56              2         224.72
         211.87              4         264.40
          63.56              2         404.79
         317.80              5         247.06
         127.12              3         399.32
          63.56              2         491.56
         762.73              8         110.74
          21.19              1         265.53
           0.00              0         165.17
          63.56              2         415.20
         127.12              3         163.61
         211.87              4         547.06
          21.19              1         268.20
          63.56              2         278.13
         211.87              4         105.48
         211.87              4         197.70
         127.12              3         496.24
          21.19              1          85.74
         127.12              3         285.87
          63.56              2         246.56
          21.19              1         421.82
         317.80              5         220.80
         211.87              4         288.87
         211.87              4         297.12
           0.00              0         336.66
           0.00              0         373.37
          63.56              2         123.54
         211.87              4         214.27
          21.19              1         382.55
         762.73              8         235.49
         127.12              3         508.26
         127.12              3         468.60
         444.92              6         263.81
         317.80              5         288.03
         593.23              7         209.24
         317.80              5         125.99
         211.87              4         332.67
         317.80              5         271.79
         127.12              3         526.87
         127.12              3         291.80
          63.56              2         119.11
          21.19              1         130.52
          21.19              1         465.56
          63.56              2         506.53
         317.80              5         312.83
         317.80              5         219.01
         211.87              4         267.30
         211.87              4         302.11
          21.19              1         242.44
         211.87              4         318.84
          21.19              1         297.73
         444.92              6         171.56
         127.12              3         357.36
         593.23              7         258.51
         317.80              5         345.73
         127.12              3         521.78
          63.56              2         142.51
         211.87              4         138.20
         127.12              3         218.00
         211.87              4         214.19
         127.12              3         374.32
         593.23              7         140.29
         444.92              6         203.85
          21.19              1         435.21
          21.19              1         276.15
         444.92              6         396.92
          21.19              1         335.22
          63.56              2         271.38
         127.12              3         268.24
         211.87              4         117.17
         444.92              6         446.29
         317.80              5         223.18
         127.12              3         296.17
         211.87              4         148.34
          21.19              1         191.76
         317.80              5         435.72
         127.12              3         249.12
         127.12              3         135.29
           0.00              0         395.24
         127.12              3         271.67
         127.12              3         390.46
         444.92              6         203.96
          63.56              2         118.72
         317.80              5         182.85
         317.80              5         347.26
          63.56              2         550.41
         127.12              3         172.69
         127.12              3         276.37
         211.87              4         177.60
          63.56              2         245.78
          21.19              1         304.39
          63.56              2         493.77
          21.19              1         561.90
         317.80              5         212.22
          21.19              1         292.67
         211.87              4         582.88
          63.56              2         159.40
         211.87              4         193.67
         211.87              4         294.73
         127.12              3         496.78
          21.19              1         457.27
         317.80              5         198.71
          21.19              1         152.75
          63.56              2         371.95
         593.23              7         462.04
          21.19              1         333.76
          21.19              1         237.29
         317.80              5         198.29
          21.19              1         306.37
         211.87              4         371.34
         444.92              6         271.84
          63.56              2         450.83
         317.80              5         277.35
         317.80              5         479.02
          63.56              2         397.21
         317.80              5         363.34
         211.87              4         223.05
          21.19              1         192.73
         444.92              6         347.45
          21.19              1         325.18
          63.56              2         358.11
         444.92              6         206.19
         127.12              3         333.80
         953.41              9         233.30
         317.80              5         227.01
         127.12              3         201.13
          21.19              1         535.99
           0.00              0         288.99
         127.12              3         184.37
          63.56              2         314.38
         593.23              7         165.00
          21.19              1         597.04
          63.56              2         221.58
         127.12              3         185.68
         444.92              6         325.61
         444.92              6         152.82
         127.12              3         189.56
         444.92              6         253.53
          63.56              2         394.46
         211.87              4         247.13
         127.12              3         418.56
          63.56              2         180.45
         953.41              9         166.18
         211.87              4         381.96
          21.19              1         170.55
         127.12              3         422.45
         127.12              3         317.64
         211.87              4         287.67
         317.80              5         116.90
         211.87              4         363.37
         593.23              7         106.60
         444.92              6         113.85
          63.56              2         328.78
         127.12              3         375.75
         317.80              5         335.33
         211.87              4         428.34
         317.80              5         357.59
         127.12              3         295.35
         211.87              4          93.66
          63.56              2         188.16
          63.56              2         309.21
         317.80              5         170.53
         127.12              3         213.70
         211.87              4         249.95
         127.12              3         381.83
         444.92              6         373.91
         593.23              7         465.93
           0.00              0         402.83
         127.12              3         341.16
         211.87              4         232.20
         211.87              4         229.85
          63.56              2         196.47
         317.80              5         302.20
          63.56              2         128.33
         317.80              5         359.48
          21.19              1         510.40
          21.19              1         176.80
          63.56              2         360.70
         211.87              4         151.08
          21.19              1         347.66
         127.12              3         427.39
          63.56              2         252.38
         211.87              4         133.49
         593.23              7         198.56
          63.56              2         187.82
         317.80              5         263.10
         593.23              7         465.30
         211.87              4         246.84
         444.92              6         330.14
           0.00              0         239.73
         444.92              6         294.29
           0.00              0         138.96
         593.23              7         206.20
         211.87              4         232.25
         127.12              3         330.27
          63.56              2         150.46
         762.73              8         232.10
         444.92              6         176.65
         211.87              4         319.53
         593.23              7         253.98
         127.12              3         473.62
          63.56              2         438.85
          21.19              1         276.95
         211.87              4         307.83
         127.12              3         195.07
         211.87              4         234.00
          21.19              1         337.60
         211.87              4         304.26
         211.87              4         161.28
          21.19              1         314.05
         127.12              3         212.09
         317.80              5         216.05
         211.87              4         128.75
         127.12              3         135.63
         211.87              4          82.55
         762.73              8         409.65
         444.92              6         221.16
          21.19              1         354.36
         317.80              5         330.87
          63.56              2         583.26
          63.56              2         333.66
         127.12              3         208.01
         317.80              5         429.17
         317.80              5         243.93
         211.87              4         156.97
          21.19              1         203.34
         953.41              9         263.09
         127.12              3         307.97
          63.56              2         267.96
         762.73              8         301.31
         127.12              3         282.27
         127.12              3         123.51
         317.80              5         211.39
          63.56              2         454.84
         127.12              3         284.59
         593.23              7         228.45
         211.87              4         240.62
          63.56              2         163.05
         127.12              3         111.38
         444.92              6         562.87
         127.12              3         473.82
          63.56              2         218.78
         211.87              4         231.37
         317.80              5         227.17
          21.19              1         323.54
          63.56              2         189.16
          21.19              1         348.78
          63.56              2         280.55
         211.87              4         165.67
         211.87              4         156.12
         211.87              4         604.99
         127.12              3         378.30
         127.12              3         393.26
          63.56              2         562.94
         317.80              5         482.66
         127.12              3         424.03
          21.19              1         511.03
         127.12              3         359.81
         593.23              7         405.44
          21.19              1         497.00
          63.56              2         344.84
         317.80              5         344.83
         317.80              5         119.54
          21.19              1         271.74
         317.80              5         258.47
         127.12              3         280.95
          21.19              1         282.88
          21.19              1         314.57
          63.56              2         391.22
         211.87              4         253.22
          63.56              2         226.68
          21.19              1         423.67
          63.56              2         275.02
          21.19              1         260.08
          63.56              2         148.70
         444.92              6         373.32
         593.23              7         167.53
         317.80              5         509.54
          21.19              1         260.38
         127.12              3         324.13
           0.00              0         340.82
          21.19              1         378.56
         953.41              9         165.89
          21.19              1         450.95
         593.23              7         369.93
         444.92              6         194.48
         211.87              4         338.48
          21.19              1         371.41
         317.80              5         314.83
         211.87              4         236.88
         593.23              7         222.74
         211.87              4         190.27
           0.00              0         307.69
         127.12              3         184.85
         211.87              4         190.32
         444.92              6         130.53
          21.19              1         206.61
          21.19              1         231.30
          21.19              1         618.55
          63.56              2         171.05
         211.87              4         267.23
         211.87              4         216.27
         211.87              4         333.42
          21.19              1         232.38
         127.12              3         384.50
         127.12              3         151.46
         444.92              6         230.01
         127.12              3         344.50
         127.12              3         189.71
         444.92              6         332.45
          63.56              2         165.79
         127.12              3         168.27
         317.80              5         135.48
         593.23              7         250.15
         211.87              4         111.25
         211.87              4         204.33
         127.12              3         325.31
          63.56              2         304.32
          63.56              2         186.96
         317.80              5         145.57
         444.92              6         311.16
         211.87              4         210.54
         444.92              6         119.81
         317.80              5         315.51
          21.19              1         352.09
         127.12              3         461.66
         211.87              4         484.16
         211.87              4         452.24
         127.12              3         183.09
         211.87              4         143.16
          21.19              1         351.56
          21.19              1         249.55
         317.80              5         208.36
         317.80              5         174.05
         317.80              5         164.31
         317.80              5         233.04
         762.73              8         128.52
         317.80              5         248.28
         593.23              7         476.61
         127.12              3         277.00
         127.12              3         254.18
          21.19              1         203.31
         444.92              6         155.13
         127.12              3         436.56
          21.19              1         310.75
         127.12              3         318.74
         127.12              3         296.10
         593.23              7         303.29
          63.56              2         220.62
          21.19              1         336.78
         444.92              6         330.51
         444.92              6         358.07
         211.87              4         304.74
          63.56              2         200.38
         211.87              4         263.61
          21.19              1         186.50
         127.12              3         308.21
          21.19              1         284.32
          63.56              2         419.60
         444.92              6         105.90
         127.12              3         393.89
          21.19              1         237.63
         211.87              4         111.20
         444.92              6         289.30
         127.12              3         257.44
         127.12              3         174.40
         211.87              4         314.62
          21.19              1         358.84
         127.12              3         469.24
         444.92              6         206.90
         211.87              4         212.03
         127.12              3         193.38
          21.19              1         254.56
         593.23              7         136.40
           0.00              0         239.93
         317.80              5         214.19
          21.19              1         570.40
          21.19              1         252.11
         444.92              6         346.93
         127.12              3         272.95
         211.87              4         421.92
         444.92              6         504.97
         127.12              3         336.42
         317.80              5         268.27
         211.87              4         397.81
          63.56              2         235.81
         444.92              6         361.19
         211.87              4         189.97
         127.12              3         189.39
          63.56              2         269.62
         317.80              5         254.71
         211.87              4         448.40
          21.19              1         433.93
          63.56              2         169.74
         317.80              5         483.77
         317.80              5         168.48
         211.87              4         239.40
         127.12              3         206.48
          21.19              1         349.52
          63.56              2         224.95
         444.92              6         335.39
         127.12              3         414.17
          21.19              1         243.18
          63.56              2         144.31
         211.87              4         134.09
          21.19              1         184.10
         317.80              5         409.47
          63.56              2         189.62
         127.12              3         386.88
         127.12              3         409.93
         211.87              4         454.17
          63.56              2         427.40
         317.80              5         315.58
          21.19              1         173.23
         211.87              4         264.79
         211.87              4         114.02
          21.19              1         166.97
          63.56              2         282.40
         762.73              8         271.46
         211.87              4         231.37
          21.19              1         382.09
         317.80              5         362.85
          63.56              2         255.41
         211.87              4         167.26
          21.19              1         305.04
         211.87              4         345.94
         127.12              3         291.00
          63.56              2         148.98
         593.23              7         463.78
         127.12              3         200.46
         317.80              5         214.56
         211.87              4         404.04
         211.87              4         391.48
         127.12              3         379.07
          63.56              2         216.18
         444.92              6         370.29
         444.92              6         224.88
          21.19              1         677.43
          63.56              2         324.90
         127.12              3         267.85
          21.19              1         171.16
         444.92              6         250.70
         211.87              4         448.96
         317.80              5         459.83
          21.19              1         131.69
          63.56              2         144.45
         127.12              3         352.95
         211.87              4         416.22
         444.92              6         316.62
         444.92              6         339.75
         211.87              4         265.91
         762.73              8         298.14
          21.19              1         105.90
         317.80              5         298.94
         317.80              5         254.65
          63.56              2         515.67
         127.12              3         137.90
          21.19              1         571.78
         211.87              4         408.28
         127.12              3         110.20
         211.87              4         256.04
         317.80              5         439.49
         762.73              8         282.58
         211.87              4         150.32
          63.56              2         168.80
          63.56              2         338.02
         211.87              4         219.22
           0.00              0         449.87
         211.87              4         370.93
          63.56              2         483.67
         317.80              5         272.30
         317.80              5         307.42
         444.92              6          74.42
         317.80              5         235.23
          21.19              1         251.07
         127.12              3         238.51
          63.56              2         168.03
         211.87              4         110.52
          63.56              2         366.12
         211.87              4         379.18
         762.73              8          50.29
         444.92              6         142.75
          63.56              2         414.65
         317.80              5         181.81
         211.87              4         293.82
          63.56              2         149.83
         317.80              5         322.12
          63.56              2         343.05
         127.12              3         168.56
         127.12              3         163.60
         211.87              4         179.24
          63.56              2         187.20
         211.87              4         228.57
         317.80              5         333.77
         317.80              5         463.59
         211.87              4         239.80
         317.80              5         284.75
          63.56              2         188.93
         444.92              6         268.37
         211.87              4         276.17
         211.87              4         174.45
         211.87              4         122.02
         127.12              3         349.07
          63.56              2         147.89
         317.80              5         250.43
         127.12              3         607.23
         444.92              6         399.87
         127.12              3         497.56
         444.92              6         427.56
         127.12              3         556.18
          63.56              2         340.25
          63.56              2         153.67
          63.56              2         241.91
          63.56              2         126.61
          21.19              1         310.62
         127.12              3         251.65
          21.19              1         260.94
          63.56              2         158.99
         317.80              5         245.49
          21.19              1         321.21
         317.80              5         285.77
          21.19              1         261.10
          63.56              2         387.57
          21.19              1         358.83
         317.80              5         275.56
          21.19              1         235.63
         317.80              5         297.15
          63.56              2         309.70
         127.12              3         202.20
          63.56              2         381.17
          63.56              2         360.41
         211.87              4         559.50
         127.12              3         216.96
          21.19              1         314.24
          63.56              2         537.64
         317.80              5         150.88
         317.80              5         204.92
          21.19              1         476.15
          63.56              2         224.09
         444.92              6         527.69
          21.19              1         206.17
         127.12              3         200.05
          21.19              1         191.63
          63.56              2         387.53
         444.92              6         220.35
         317.80              5         318.11
          63.56              2         387.46
         127.12              3         343.11
         127.12              3         171.97
         127.12              3         305.96
         127.12              3         345.87
         127.12              3         155.88
          21.19              1         366.14
         127.12              3         247.29
         211.87              4         262.01
          21.19              1         267.02
          63.56              2         303.69
         444.92              6         130.82
         127.12              3         156.17
         127.12              3         132.98
          63.56              2         406.20
          63.56              2         236.64
         127.12              3         228.55
         127.12              3         329.14
          63.56              2         214.13
        1165.28             10         165.94
          63.56              2         328.68
         317.80              5         208.82
         762.73              8         259.15
         317.80              5         448.80
         127.12              3         305.59
          63.56              2         301.21
          63.56              2         311.05
          21.19              1         225.31
         444.92              6         197.85
         127.12              3         209.19
         127.12              3         175.86
         593.23              7         235.74
          63.56              2         206.93
         211.87              4         443.20
         211.87              4         207.11
         211.87              4         305.16
          21.19              1         384.66
         317.80              5         164.93
          63.56              2         455.71
         127.12              3         290.89
         444.92              6         215.62
          21.19              1         352.09
          63.56              2         225.02
          63.56              2         325.46
         593.23              7         358.66
          21.19              1         233.85
         211.87              4         349.98
         211.87              4         500.24
         127.12              3         162.05
         127.12              3         465.43
         127.12              3         221.75
         762.73              8         210.90
         211.87              4         267.25
         211.87              4         354.27
         127.12              3         214.66
          21.19              1         447.37
         127.12              3         298.68
         593.23              7          96.56
         211.87              4         345.78
          63.56              2         249.25
           0.00              0         248.58
          21.19              1         144.65
         211.87              4         220.60
         211.87              4         262.04
         211.87              4         483.81
         593.23              7         245.19
         317.80              5         245.48
          21.19              1         302.96
          63.56              2         207.85
          63.56              2         327.05
          63.56              2         346.17
         317.80              5         260.34
          63.56              2         500.08
         211.87              4         274.25
         127.12              3         423.22
          63.56              2         143.43
         317.80              5         385.16
         211.87              4         430.00
          21.19              1         236.92
         444.92              6         276.87
         127.12              3         179.38
         211.87              4          52.40
          21.19              1         225.18
          21.19              1         410.16
          21.19              1         499.86
         317.80              5         229.14
         444.92              6         209.30
          63.56              2         213.21
          63.56              2         276.51
          63.56              2         217.45
         317.80              5         269.44
         127.12              3         349.81
         211.87              4         198.19
         593.23              7         371.40
         127.12              3         273.66
         127.12              3         157.18
         127.12              3         334.12
         211.87              4         179.27
         444.92              6         313.46
         444.92              6         500.30
         317.80              5         250.26
          63.56              2         383.31
          63.56              2         151.23
         211.87              4         165.17
         444.92              6         580.96
         127.12              3         290.76
          63.56              2         210.76
          63.56              2         407.81
          63.56              2         124.46
          21.19              1         138.13
         317.80              5         424.20
         317.80              5         255.38
         127.12              3         152.64
         444.92              6         309.03
         211.87              4         165.60
         317.80              5         252.96
          21.19              1         258.88
         127.12              3         367.47
         593.23              7         322.02
         211.87              4         145.51
         317.80              5         403.54
          21.19              1         181.74
         317.80              5         316.90
         317.80              5         308.21
          63.56              2         234.98
          21.19              1         353.69
         762.73              8         363.38
          63.56              2         397.22
         444.92              6         357.19
         127.12              3         359.98
         593.23              7         216.51
          63.56              2         144.66
         444.92              6         548.19
         762.73              8         117.97
          21.19              1         246.70
          63.56              2         310.19
         317.80              5          59.34
         211.87              4         270.84
          63.56              2         242.26
         127.12              3         448.09
         211.87              4         447.71
         444.92              6         420.07
          63.56              2         406.81
         317.80              5         289.35
         127.12              3         157.00
          21.19              1         347.21
         317.80              5         379.77
         317.80              5         421.42
          21.19              1         139.64
         317.80              5         364.56
         593.23              7         231.14
         317.80              5         212.40
         211.87              4         484.29
         317.80              5         361.92
         127.12              3         338.13
         127.12              3         204.15
          63.56              2         249.71
         444.92              6         216.78
         211.87              4         220.13
         127.12              3         388.05
         211.87              4         347.71
         444.92              6         103.90
         593.23              7         217.89
         211.87              4         328.88
         317.80              5         135.85
         211.87              4         140.30
          21.19              1         179.60
         317.80              5         299.65
         127.12              3         145.37
         317.80              5         182.72
         127.12              3         272.25
         127.12              3         415.20
         317.80              5         253.88
         593.23              7         288.92
         444.92              6         404.95
         444.92              6         321.28
         127.12              3         423.23
         317.80              5         210.65
          63.56              2         224.39
         317.80              5         362.90
         211.87              4         259.85
         444.92              6         399.66
         211.87              4         237.70
         211.87              4         363.44
         211.87              4         188.64
         444.92              6         300.28
         762.73              8         315.83
          63.56              2         295.87
         593.23              7         170.00
          21.19              1         128.55
         211.87              4         197.16
          63.56              2         306.11
         127.12              3         217.43
         127.12              3         267.97
         317.80              5         204.05
         127.12              3         191.12
         593.23              7         398.07
         211.87              4         436.16
         317.80              5         584.78
         127.12              3         213.82
         444.92              6         363.70
          21.19              1         311.76
         127.12              3         436.78
           0.00              0         387.38
          21.19              1         178.00
         444.92              6         406.08
         444.92              6         335.23
         127.12              3         150.28
         211.87              4         152.14
         444.92              6         458.21
         444.92              6         252.61
          63.56              2         411.98
         127.12              3         218.92
         317.80              5         165.08
         211.87              4         265.89
          63.56              2         309.99
          21.19              1         270.95
         127.12              3         251.67
         444.92              6         157.84
         211.87              4         315.61
         127.12              3         103.75
         211.87              4         237.69
         317.80              5         170.88
         127.12              3         281.54
         317.80              5         372.93
          63.56              2         387.61
         211.87              4         557.12
         444.92              6         137.64
         593.23              7         381.16
         127.12              3         196.61
           0.00              0         182.57
         317.80              5         263.69
         593.23              7         263.10
         127.12              3         279.53
         127.12              3         499.42
          21.19              1         310.74
         317.80              5         341.66
         127.12              3         343.27
         317.80              5         294.67
         317.80              5         247.45
         211.87              4         452.23
         211.87              4         272.02
         317.80              5         417.07
         127.12              3         399.38
         211.87              4         321.16
         762.73              8         181.45
          63.56              2         383.82
          21.19              1         345.60
         317.80              5         213.13
         211.87              4         424.38
         211.87              4         456.61
          21.19              1         260.70
         127.12              3         325.57
         444.92              6         188.85
         317.80              5         250.73
         211.87              4         103.03
         127.12              3         290.00
         762.73              8         196.97
         211.87              4         192.18
         444.92              6         298.39
         444.92              6         115.61
         444.92              6         171.42
         444.92              6         231.55
         127.12              3         320.13
          63.56              2         359.76
           0.00              0         328.08
         127.12              3         124.81
         211.87              4         284.14
         593.23              7         218.30
          21.19              1         430.21
         317.80              5         367.68
         211.87              4         236.22
          63.56              2         307.89
         444.92              6         154.72
           0.00              0         134.26
         444.92              6         378.41
          63.56              2         354.04
