 #Erot(HCl)cm-1             #J    #Speed(m/s)
         105.64              3         126.23
         530.00              7         259.68
         653.69              7         426.18
          53.10              2         222.00
         904.09              9         280.53
         482.24              6         151.61
         300.65              5         424.62
         578.54              7         336.59
           0.02              0         284.84
         322.98              5         116.13
          95.99              3         417.83
         104.89              3         210.27
         428.63              6         443.15
         328.52              5         253.05
         534.61              7         261.61
         470.67              6         189.35
         654.17              7         152.69
         430.41              6         157.85
         258.73              4         249.56
         556.24              7         173.96
         115.37              3         488.42
         445.91              7         328.31
         193.39              4         462.32
          39.23              2         214.71
         586.99              7         328.66
         835.21              9         308.67
          85.86              2         275.40
          76.11              2         339.31
          29.17              1         212.24
          29.37              1         481.91
         426.69              5         269.16
          83.23              2         237.93
         739.10              8         393.16
         135.19              3          95.61
          91.35              2         317.90
         221.53              4         171.67
         350.81              5         205.44
          94.94              3         560.90
         457.45              6         261.47
          90.74              2         249.16
         115.00              3         434.47
          70.96              2         213.83
          29.03              1         159.75
          28.26              1         270.18
         195.32              4         344.11
         191.19              4         161.88
         394.60              6         368.93
         635.44              7         316.53
          58.90              2         181.36
         465.74              7         303.00
         342.32              5         203.14
           1.82              0         364.57
         186.15              4         182.66
         312.98              5         369.00
         196.44              4         199.24
         234.01              4         551.95
         199.78              4         362.06
         252.85              4         322.62
          41.09              2         298.03
          67.72              2         283.85
         285.58              5         234.99
         513.15              7         336.61
         174.70              4         201.89
         668.31              7         441.75
          66.43              2         337.49
         110.34              3         399.85
           7.14              0         191.25
         331.85              5         293.49
          59.03              2         220.72
         263.59              5         449.45
         201.28              4         335.87
         140.27              3         273.60
         408.06              5         253.75
         179.87              4         387.96
         610.55              8         252.54
         286.09              5         257.67
         164.16              3         322.67
         126.72              3         198.57
         195.43              4         517.42
         263.15              5         272.79
         210.20              4         419.12
          56.44              2         342.79
         358.23              6         478.77
         142.79              3         680.92
         138.28              3         324.94
         856.61              9         255.60
         381.93              6         363.17
         241.31              4         433.31
          21.80              1         127.21
         473.36              7         271.24
         500.11              7         112.13
          81.05              2         397.07
         273.73              5         357.04
          86.24              2         181.73
         129.44              3         216.68
         390.35              6         372.35
         464.45              6         172.68
         410.23              6         404.15
         100.72              3         170.79
         305.05              6         323.76
          51.70              2         197.97
         638.66              7         204.20
         119.29              3         308.67
         226.22              4         281.93
         165.42              3         307.66
         543.31              7         427.71
         125.82              3         412.97
         542.26              7         436.20
          76.02              2         539.98
         187.44              4         340.55
         327.46              5         378.41
         314.23              5         430.45
         145.91              3         362.02
         398.28              6         327.75
          92.23              2         395.09
          61.10              2         360.52
         153.62              3         375.51
         285.00              5         436.54
         109.08              3         234.67
         208.45              4         285.64
         554.71              7         302.09
          70.59              2         222.38
         210.32              4         295.02
         195.02              4         362.34
         184.79              4         296.45
         754.37              8         170.67
         299.12              5         128.61
         217.34              4         181.75
         136.19              3         266.83
         185.12              4         354.05
          10.29              0         123.58
         111.01              3         202.63
         310.25              5         388.51
         362.35              6         278.71
         137.20              3         132.43
         114.49              3         253.74
         140.94              3         334.76
         624.18              7         151.00
         427.78              6         192.57
         196.06              4         296.47
         176.54              4         314.66
         270.15              4         247.36
         112.00              3         627.69
         171.09              4         307.25
         102.34              3         566.16
          15.12              1         176.94
         194.92              4         302.49
          12.32              1         323.43
          17.92              1         492.67
         293.91              4         105.30
         315.38              5         479.08
          77.64              2         192.16
          18.03              1         426.24
         329.68              5         269.75
          68.93              2         572.85
         234.98              4         367.91
         112.67              3         288.29
         257.72              5         236.62
         284.48              5         184.40
         214.31              4         358.01
          68.81              2         477.05
         852.84              8         309.72
         422.43              6         241.89
          27.05              1         318.61
         230.84              4         310.42
          32.60              1         225.98
         478.52              6         329.68
         301.50              5         123.14
         199.54              4         250.84
         433.73              6         375.19
         440.23              6         242.04
         101.57              3         260.88
         318.77              5         338.32
         176.50              3         226.62
         136.25              3         322.94
          22.79              1         324.53
          71.72              2         307.60
         756.10              8         143.77
         170.01              3         167.61
         244.17              4         278.60
          26.49              1         412.79
         417.18              6         242.71
          41.62              2         176.28
         603.89              7         529.94
         750.00              8         181.25
          94.41              3         235.83
         235.50              5         326.85
         287.36              5         235.77
         181.41              4         162.68
          81.55              2         537.46
         629.99              8         183.69
         173.19              3         257.89
         574.57              7         205.66
         337.62              5         228.51
         480.52              7         516.21
          10.16              1         115.27
         454.44              6         211.10
         353.69              5         169.15
         127.38              3         235.86
         243.58              5         448.56
          37.21              1         142.15
         299.98              5         413.39
         108.36              3         165.54
         311.33              5          83.52
         401.13              6         215.13
         149.96              4         499.91
         321.17              5         211.11
          15.12              1         168.93
         126.29              3         231.85
           3.03              0         177.53
          58.44              2         183.77
         359.67              5         243.42
          37.69              1         518.69
         137.35              3         346.76
          32.09              1         298.38
          10.05              1         202.09
          32.28              1         344.10
           6.09              0         263.02
         171.24              3         313.13
         595.41              7         152.40
         328.38              5         323.84
         258.58              4         403.31
         309.34              5         217.54
         149.47              3         563.65
          16.30              1         270.05
          28.20              1         276.30
          56.94              2         262.83
         423.82              6         208.62
         253.57              4         315.07
          42.45              1         261.93
         469.99              6         359.54
         240.31              4         279.11
         173.62              4         142.39
         214.94              4         525.39
         265.07              4         468.74
          85.42              2         300.14
         580.62              7         307.00
          10.35              0         119.68
          22.71              1         247.08
          30.48              1         315.80
         352.52              6         299.65
         413.88              6         349.14
           1.62              0         450.15
          67.54              2         421.14
         122.95              3         409.23
         438.62              6         164.92
         717.82              7         297.18
         285.10              4         365.12
          95.97              3         363.34
         361.32              5         187.80
         526.36              7         381.93
         333.28              5         130.35
         281.58              4         179.15
          57.18              2         343.81
         113.13              3         259.11
         340.21              5         181.25
           6.93              0         195.26
          51.23              2         275.02
         265.49              5         329.59
          54.37              2         179.96
         397.49              6         129.28
          31.29              1         212.39
         110.44              3         131.02
         485.63              6         193.29
          29.02              1         258.76
          67.54              2         534.24
         309.14              5         326.07
         322.95              5         411.63
          99.59              3         332.26
         523.35              7         412.55
         432.60              7         324.09
          28.92              1         383.42
         255.60              4         449.18
          13.71              1         188.35
          20.73              1         150.40
         777.15              8         137.60
         465.31              6         166.49
          52.00              2         167.11
         301.51              5         205.14
         149.84              3         503.78
         441.08              6         410.90
          84.56              2         629.33
         507.08              7         269.46
         281.04              5         198.07
         381.45              6         280.50
         149.10              3         347.19
         106.00              3         237.38
         248.30              5         155.58
          81.56              2         523.72
          58.24              2         535.66
         112.40              3         254.07
         204.97              4         518.88
         293.37              5         231.40
         406.34              6         508.91
          14.62              1         636.02
         185.94              4         421.53
          82.73              2         278.62
          32.90              1         347.36
          52.13              2         373.74
         378.54              5         355.60
          61.88              2         418.73
          10.96              1         524.44
         494.37              7         261.97
         100.38              3         212.67
         327.40              5         268.23
         157.30              3         314.56
         136.94              3         290.73
         223.78              4         352.70
         280.86              5         107.75
         493.31              6         503.75
         224.24              4         264.78
          16.00              1         312.09
          99.03              3         605.21
          66.39              2         289.64
          88.99              2         555.27
         166.24              3         170.33
           9.74              0         472.40
         224.12              4         351.78
         437.51              6         438.46
          54.55              2         431.03
         166.39              3         397.90
         170.15              4         353.77
          62.36              2         250.76
          80.23              2         274.90
          15.25              1         284.81
          12.65              1         176.24
           4.98              0         277.80
         668.36              7         341.85
         890.52              8         254.40
         207.75              4         401.11
         217.47              4         199.67
          30.96              1         296.60
         283.31              5         551.56
         412.44              6         191.15
         409.45              5         272.23
         352.24              5         405.45
         569.46              7         302.25
          29.46              1         491.73
         623.95              7         306.76
         146.55              3         335.45
         461.36              7         266.06
          25.84              1         335.80
         326.19              5          85.16
         170.19              4         300.54
         202.06              4         212.17
         299.40              5         148.60
         113.95              3         324.06
          95.20              2         181.70
         148.60              4         378.66
          56.64              2         334.83
         388.40              6         157.62
           2.30              0         370.25
          12.10              1         172.26
         282.87              5         220.31
         405.42              6         391.85
          19.78              1         309.26
         290.43              5         390.21
          81.81              3         340.74
          47.03              1         246.25
         652.63              7         372.59
         156.66              4         225.45
         374.30              6         231.68
         699.70              8         315.46
         110.55              3         311.60
          12.97              1         295.32
         148.67              3         432.02
          99.85              3         340.51
         116.39              3         231.32
         308.11              5         332.59
         170.96              4         252.35
         242.72              4         282.95
          25.84              1         177.47
         267.41              5         535.83
         241.08              4         367.87
         399.41              5         479.52
          43.84              2          93.24
          73.95              3         332.36
           2.58              0         532.68
         793.87              9         238.01
         255.14              5         535.04
         147.14              3         454.40
         342.09              6         301.42
          92.34              3         132.62
         218.34              4         206.40
          40.43              1         251.34
         337.95              5         362.16
         672.49              8         374.56
         125.02              3         496.91
          97.85              3         164.33
          35.67              1         275.38
         233.37              4         230.66
        1012.93              9         198.46
          27.58              1         301.93
          98.52              3         201.83
         268.89              5         232.23
          99.36              3         308.71
         193.48              4         268.72
         268.29              5         277.17
         784.45              8         178.67
         239.21              4         564.54
          90.97              3         510.99
         165.53              4         109.54
         758.90              8         303.18
         419.47              6         274.19
         705.06              8         368.14
         613.14              7         128.38
         844.87              9         106.40
         281.21              5         221.37
         416.62              6         329.28
         315.25              5         321.62
         220.38              4         319.79
         114.36              3         205.77
         203.60              4         234.49
         261.67              4         369.17
         400.35              6         412.94
         227.59              4         319.06
         406.72              6         256.32
          72.92              2         284.34
         588.98              7         266.57
         764.47              8         341.51
         104.58              3         175.75
          34.55              1         252.59
         445.60              6         383.99
          81.30              2         462.78
         512.84              7         295.17
         424.18              6         338.16
          50.55              2         305.14
           6.02              0         300.46
         394.59              6         235.65
          88.47              2         687.51
          99.04              3         302.93
          95.59              3         239.28
         320.30              5         336.27
         700.06              7         344.63
         185.11              4         287.89
         591.39              8         433.40
         134.77              3         327.50
          44.30              2         506.42
         120.91              3         199.04
         156.43              3         291.35
         340.75              5         241.15
         111.93              3         286.07
         185.24              4         252.02
         120.02              3         395.42
         156.17              4         177.88
         992.22              9          93.77
          30.64              1         407.80
          83.20              3         166.47
         188.04              4         218.23
          38.55              2         411.40
         422.45              7         377.47
         109.10              3         364.63
         831.14              8         395.12
         637.82              7         347.62
         450.19              6         280.85
         587.07              7         278.71
          63.63              2         537.65
         449.02              6         363.09
         637.97              7         172.58
          49.35              2         341.37
         633.65              7         220.77
          80.32              2         575.62
         275.78              5         203.96
         188.48              4         355.78
          54.10              2         427.39
         275.64              5         280.38
          66.05              2         168.32
         539.19              7         376.45
           3.27              0         202.32
         492.88              6         530.85
          42.76              1         263.92
         173.07              4         336.17
         107.19              3         528.28
         381.39              6         194.36
         443.90              6         219.71
           1.01              0         292.59
         637.93              7         319.40
         679.36              8         386.11
          59.90              2         366.37
          67.59              2         421.60
         244.18              5         375.93
         417.30              6         221.15
         268.86              5         273.32
         228.81              4         265.61
         127.41              3         128.98
          48.71              2         513.30
         619.73              7         176.09
         411.55              6         299.02
         215.22              4         316.63
         415.37              5         512.89
          28.91              1         481.57
         450.13              7         178.60
         254.06              4         229.08
          52.15              2         647.28
         335.10              5         183.14
         166.47              3         516.51
         407.75              6         478.51
         388.57              5         178.25
          45.43              2         507.82
         159.30              4         184.59
          77.60              2         384.10
         371.25              5         478.05
         170.42              4         247.83
         526.17              7         272.59
          52.86              2         155.86
         260.66              5         331.97
         587.01              7         274.12
           2.30              0         409.87
         206.67              4         191.66
         320.34              5         119.10
          69.84              2         252.12
          65.04              2         367.65
        1032.76              9         333.12
         317.76              5         195.23
          86.35              3         204.85
         997.86             10         352.91
          85.54              3         151.09
         684.88              8         262.52
         363.83              5         293.35
         677.29              7         224.67
          10.02              1         331.05
         135.32              3         292.07
         163.52              3         272.35
         721.69              7         139.12
          83.65              2         461.20
          94.55              3         504.93
         324.73              5         268.50
         410.69              6         311.78
         114.82              3         225.57
         681.81              7         160.72
           5.21              0         344.74
          35.55              1         347.53
         149.67              3         320.79
         333.70              5         303.71
        1075.85              9         107.98
          58.27              2         306.75
          66.06              2         305.67
          44.40              2         321.90
         457.56              6         350.82
         854.37              9         141.44
         105.91              3         312.29
         248.62              4         390.61
          78.45              2         467.66
         235.03              4         190.83
         110.36              3         468.99
         107.78              3         144.33
         388.13              5         578.32
         116.77              3         209.13
         823.41              9         237.52
          89.05              2         492.02
         443.80              6         232.81
          59.25              2         297.56
          98.85              3         360.44
         150.86              3         415.96
         380.85              6         255.97
          17.54              1         568.14
           0.37              0         130.18
         187.98              4         323.92
          19.90              1         243.21
          38.77              1         507.23
          18.71              1         119.08
         120.70              3         338.51
          51.15              2         298.19
         250.55              5         169.87
          68.93              2         131.47
         368.70              6         297.66
          89.98              2         219.87
          52.10              2         212.79
         362.84              6         523.54
           8.68              0         376.48
         147.90              3         213.74
         285.66              4         305.57
           5.69              0         303.38
          70.08              2         153.97
         120.87              3         417.91
         117.74              3         165.45
          93.40              3         136.91
         178.25              4         268.78
         110.24              3         619.03
         212.76              4         517.12
          67.56              2         437.36
         364.19              6         218.74
          86.32              2         234.56
         375.98              5         430.57
         180.98              4         272.40
         594.82              7         463.16
         371.97              6         379.58
         324.09              5         134.79
           1.64              0         266.08
         305.86              5         312.19
         582.43              7         151.20
          25.06              1         385.97
         467.99              6         213.84
         416.78              6         434.08
         172.93              4         296.15
         147.20              3         400.82
          17.10              1         128.80
         109.51              3         242.80
         309.67              5         253.73
         218.41              4         250.76
          88.70              2         316.99
         135.96              3         348.29
         119.88              3         426.57
         111.31              3         357.09
         304.85              5         316.08
          75.40              2         375.46
         110.25              3         158.87
          28.58              1         262.72
         210.71              4         214.73
         587.26              7         194.41
          68.46              2         203.36
          18.37              1         447.28
         540.95              7         540.96
         145.47              3         459.25
         207.00              4         242.34
         459.59              6         259.34
         272.84              5         275.59
         555.84              7         188.06
        1011.86              9         308.93
         161.23              4         323.00
         336.24              5         294.76
         150.77              3         351.86
         105.58              3         355.20
         161.46              3         322.98
         480.18              7         398.34
           3.29              0         144.36
         198.36              4         311.52
          94.97              3         162.43
         462.45              6         483.83
         416.13              6         348.42
          34.97              1         272.51
          81.52              2         394.04
         703.28              9         370.08
        1035.62             10         201.29
         347.78              5         252.12
          89.36              2         324.81
          82.85              2         293.05
         506.23              7         284.13
          13.38              1         224.71
         217.89              4         179.49
          33.39              1         376.33
          58.52              2         151.69
         187.86              4         296.02
          15.12              1         371.69
          30.72              1         194.64
         107.65              3         391.82
         117.33              3         148.09
         186.95              4         211.12
          89.48              3         346.19
          85.63              3         259.88
         194.74              4         274.79
         105.05              2         202.50
         508.88              7         125.67
          75.51              2         312.49
         590.27              8         298.14
         186.13              4         179.20
         191.79              4         205.80
           9.67              0         371.34
         759.13              8         323.01
          20.12              1         215.79
         248.45              4         380.31
          13.53              1         105.90
         159.70              3         224.78
         393.87              6         161.61
          19.64              1         225.49
         125.27              3         227.35
           4.12              0         214.88
         145.61              3         341.24
         522.70              7         229.45
          29.73              1         293.70
          17.87              1         193.37
         139.99              3         164.97
         387.63              6         138.73
          68.79              2         274.86
          65.27              2         419.33
          82.59              2         438.45
         757.73              8         267.07
         442.85              7         156.11
          15.23              1         350.35
         326.39              5         372.71
         266.38              5         433.25
         200.13              4         274.50
          31.22              1          92.98
         105.70              3         247.09
          78.78              2         526.07
         872.24              9         248.82
         158.46              3         190.99
         240.62              4         160.12
         289.07              5         427.87
         438.78              6         217.17
         317.60              5         261.72
         151.95              3         233.01
         172.19              4         245.15
         499.88              6         288.79
           5.35              0         141.73
         374.70              5         482.93
           5.00              0         404.06
         194.96              4         146.69
          47.96              2         301.42
         405.28              6         259.45
          44.61              2         624.80
         784.32              8         270.04
         195.50              4         262.95
          62.09              2          98.19
         192.02              4         472.32
         304.77              5         363.57
         529.62              7         230.93
         256.20              4         447.73
          43.36              2         116.15
         314.19              5         314.89
         118.11              3         587.08
          69.43              2         340.23
         376.30              6         123.12
          51.29              2         223.45
         436.41              5         463.59
         243.22              5         349.58
         294.47              4         296.76
         165.25              4         239.80
          11.65              1         259.49
          85.98              3         407.76
         110.55              2         220.78
         327.83              5         440.72
          67.99              2         279.87
          31.33              1         196.13
         127.83              3         286.46
         548.97              7         213.20
         186.99              4         257.69
           4.37              0         379.55
         133.36              3         249.33
         284.24              5         284.75
          49.18              2         188.93
         195.93              4         467.53
         437.01              6         295.89
         245.31              5         283.78
         185.02              4         537.52
         304.78              5         125.20
         177.38              3         218.96
         317.97              5         166.62
         112.15              3         174.06
         100.63              3         333.33
          39.91              1          86.94
         117.18              3         466.95
         377.68              6         268.37
           8.36              0         220.16
          63.27              2         194.94
         142.01              3         470.31
         196.35              4         497.04
         239.32              4         344.22
          17.96              1         182.33
         503.66              6         189.46
          62.14              2         319.98
         152.32              3         380.88
         190.36              4         302.27
          31.07              1         175.98
          77.26              2         181.51
         133.83              3         303.75
         294.10              5         173.58
         226.71              4         167.71
         162.05              3         557.90
         219.01              4         276.17
         390.51              6         494.68
         949.08              9         196.63
         507.57              7         322.69
         126.84              3         392.87
         553.42              7         192.43
         225.18              4         174.45
         170.75              4         202.17
          32.35              1         431.91
         194.83              4         122.02
           7.29              0         398.59
           2.35              0         559.61
          76.27              2         298.41
         973.43              9         188.09
         363.91              5         254.72
          75.35              2         207.46
          53.23              2         476.41
         868.90              9         202.03
          97.94              2         344.67
          57.93              2         312.33
          91.74              2         243.63
         209.70              4         187.26
         299.62              5         633.97
         373.12              6         418.98
         275.28              5         149.98
         194.25              4         229.75
         146.64              3         231.12
         708.90              8         362.12
         210.56              4         207.99
         167.20              3         349.07
         190.18              4         329.23
          80.09              2         147.89
         216.34              5         250.43
         177.05              4         463.21
         482.32              6         319.81
         139.48              3         607.23
         499.34              6         399.87
         112.92              3         497.56
         267.46              5         303.79
         261.54              4         297.05
          60.22              2         225.38
         673.07              7         236.36
         512.41              6         427.56
          34.34              1         337.93
         532.24              7         137.38
         489.09              6         380.48
         487.42              7         236.17
         930.04              9         179.46
           3.59              0         405.59
         416.95              6         424.77
          85.55              3         160.43
         189.09              4         446.36
         218.53              4         309.06
          38.08              2         300.79
         478.50              6         251.39
         108.13              3         556.18
         186.98              4         346.11
           5.54              0         153.56
         113.13              3         180.10
         764.19              9         174.53
          85.23              3         413.81
          14.05              1         412.72
          85.93              2         236.71
         127.64              3         541.28
         218.30              4         465.79
         107.62              2         512.77
          37.23              2         340.25
        1005.25              8         182.25
         250.32              4         169.60
          67.10              2         100.79
          11.26              1          98.97
         149.25              4         186.32
         247.33              4         227.17
         173.77              4         159.82
         278.57              5         320.14
         283.77              5         251.32
         413.58              7         280.19
         394.30              5         228.18
         279.87              5         370.60
         619.42              7         243.03
          33.53              1         255.59
         314.24              5         527.47
         256.42              4         271.05
          39.11              2         201.32
         764.02              9         307.94
         751.49              8         328.31
           4.76              0         618.83
          40.56              1         262.19
          75.52              2         430.47
          87.78              3         255.13
         135.90              3         355.14
          96.05              3         452.93
         110.25              3         525.48
          84.76              3         569.04
         273.45              5         299.47
         189.50              4         116.61
         679.87              8         350.43
         307.49              5         236.12
         615.95              7         207.21
          94.54              3         133.75
          90.71              2         254.72
          18.30              1         194.77
         475.41              7         370.51
         170.52              4         194.80
           1.93              0         270.09
         247.69              5         503.97
         166.14              3         378.31
          36.88              1         296.35
         280.84              5         275.43
          82.11              2         177.74
          89.50              2         176.49
          13.06              1         155.88
          84.09              2         164.49
          69.60              2         274.30
         423.38              6         522.27
         186.46              4         204.51
         272.97              5         236.51
          60.15              2         387.57
         201.10              4         534.76
          25.22              1         402.49
          95.13              3         337.80
          25.39              1         353.07
          41.22              1         273.49
           4.11              0         172.50
          28.28              1         358.83
          80.48              2         547.05
         137.19              3         268.45
         130.33              3         534.85
         298.82              5         126.48
         110.39              3         228.85
         383.56              5         290.27
         195.29              4         257.06
           7.56              0         314.24
         403.69              6         564.04
         355.55              5         507.45
         243.52              5         275.56
         136.97              3         407.87
           6.75              0         235.63
         726.44              8         288.24
         322.44              5         297.15
         263.05              5         371.54
          55.06              2         435.59
         102.80              3         212.56
          19.30              1         348.38
         171.35              4         122.16
         201.78              4         211.77
         296.21              5         407.75
          82.92              2         296.58
         124.67              3         462.86
         277.97              5         289.26
          51.42              2         309.70
          87.65              3         202.20
         657.67              8         356.17
         364.55              6         265.76
         215.82              5         200.22
          46.15              2         259.52
         181.07              3         416.61
         133.92              3         556.30
         261.43              4         253.35
          80.59              3         346.84
         478.06              6          87.87
          63.44              2         281.44
          37.06              1         381.17
          57.28              2         223.81
          60.83              2         536.97
         365.69              6         297.48
          63.83              2         360.41
         127.40              3         240.06
         217.03              4         180.73
         212.84              4         232.04
         205.23              4         323.78
         127.08              3         356.45
          86.04              2         181.17
         432.11              6          96.84
         233.10              4         434.18
         166.06              4         224.22
          53.40              2         161.45
         204.62              4         559.50
         142.33              3         174.17
         173.94              3         108.18
          90.21              3         155.07
         140.47              3         457.40
          51.39              2         140.26
         224.70              4         357.74
         115.83              3         216.96
         688.67              8         369.82
          20.10              1         314.24
         111.91              3         536.31
          26.48              1         272.30
          74.36              2         223.67
         449.88              6         432.60
          45.85              2         423.26
         230.98              4         207.48
         178.63              4         291.94
         385.36              6          96.84
          79.77              2         486.73
         150.04              3         500.88
         347.32              5         401.49
          59.86              2         280.71
          95.45              2         537.64
          16.41              1         525.31
         341.34              5         258.86
         654.99              8         298.51
          26.57              1         387.65
         188.11              4         231.18
          78.18              2         270.50
         324.30              5         150.88
         129.83              3         409.23
         230.20              4         205.07
         780.12              9         330.26
         137.42              3         206.97
          56.43              2         516.44
          24.02              1         450.40
         116.40              3         196.56
         188.70              4         353.60
          90.76              3         182.05
         160.33              3         255.31
         429.98              6         238.79
         218.11              4         299.94
         271.22              5         444.33
          72.37              2         318.43
          10.54              1         311.11
          42.65              1         243.64
         173.43              4         448.66
         159.04              4         568.38
         229.92              4         601.32
          83.20              3         277.67
         492.51              6         224.12
         255.47              5         637.52
         226.00              4         154.34
         706.74              8         361.22
          77.91              2         236.67
          94.10              3         221.15
          41.49              2         354.97
         355.37              6         261.59
         218.12              5         249.67
         239.47              5         387.07
         494.35              6         292.22
         441.05              6         423.25
          69.26              2         195.69
         210.78              4         395.46
          50.55              2         499.58
         344.81              5         471.78
         453.53              6         330.88
         600.20              8         390.76
         230.62              4         102.40
         616.74              7         146.80
          14.82              1         191.46
         442.83              6         207.77
          66.08              2         110.93
         114.85              3         372.56
         136.14              3         183.23
          37.50              1          99.92
         241.16              4         203.39
         137.22              3         395.00
         392.24              6         557.48
         657.99              8         373.10
         130.75              3         191.63
         244.37              4         306.87
         120.40              3         449.26
          98.30              3         444.16
         121.47              3         213.64
         201.26              4          92.46
          47.96              2         538.70
          42.55              2         406.20
          83.50              2         414.06
         121.89              3         222.57
         119.36              3         189.99
         398.03              6         243.06
         133.64              3         492.63
         142.52              3         222.93
          95.80              2         168.53
          42.46              2         236.64
          36.59              1         335.49
         291.65              5         236.75
          33.72              1         399.44
         169.69              4         288.09
         145.15              3         228.55
           1.95              0         662.47
         269.62              5         190.40
         150.76              3         237.60
         275.81              5         406.27
          23.22              1         226.15
         171.43              4         268.85
          92.49              2         278.97
          37.19              2         362.41
         328.21              5         237.56
         348.39              5         237.77
         247.95              4         318.05
         362.92              6         216.26
         150.69              4         155.27
         316.73              5         441.13
         237.50              4         359.41
         322.17              5         330.44
         398.58              5         283.66
         242.42              5         281.22
          58.00              2         463.90
          52.98              2         275.92
         134.65              3         220.66
         320.95              5         413.54
         113.78              3         461.58
         339.67              6         215.34
         148.56              3         515.72
          96.05              3         247.83
         161.07              3         116.60
         618.05              8         316.12
          27.11              1         411.97
         107.08              3         186.35
         564.79              7         188.63
         165.71              4         354.01
         804.98              8         385.80
          42.14              2         470.87
          46.70              2         428.71
         297.80              5         226.66
         225.67              4         444.98
         150.75              4         207.47
         166.07              4         517.36
         331.40              5         209.45
          13.56              1         358.13
          48.68              2         214.99
         760.24              8         394.07
         402.27              6         305.17
          39.05              1         204.38
         220.40              4         263.58
         212.32              4         492.66
          91.07              2         261.88
          76.47              2         441.25
          11.38              1         254.21
         646.55              7         170.40
          25.66              1         332.09
           9.28              0         217.53
          13.22              1         213.53
         197.37              4         340.66
         262.50              4         284.04
          45.42              2         182.29
         888.03              9         262.41
         169.05              3         388.47
         135.57              3         650.17
         106.97              3         426.15
          61.32              2         305.80
          55.33              2         298.67
         156.42              4         304.91
         450.25              6         185.53
          20.90              1         271.67
         260.75              4         309.35
          67.78              2         200.80
         670.06              7         288.89
          29.22              1         227.05
         531.99              7         262.58
         564.59              6         244.83
         239.70              5         410.04
          53.34              2         265.85
         335.59              5         407.45
         457.76              6         346.29
         473.63              6         358.81
         603.26              7         370.63
          34.85              1         284.15
         131.61              3         302.65
          74.88              2         261.62
         234.09              4         464.10
         124.92              3         328.00
          44.22              1         202.52
          41.68              2         202.95
         140.13              3         205.54
         227.52              4         370.25
          80.51              2         135.96
         252.57              4         267.10
         534.32              7         270.66
         279.34              5         191.35
         374.46              6         274.38
          22.41              1         205.21
         457.21              6         207.42
          50.35              2         165.41
         771.61              9         457.29
          68.51              2         161.59
         549.86              7         150.21
         247.45              5         266.87
         157.66              3         185.71
         747.37              7         245.34
           0.61              0         243.67
         436.25              6         227.94
          76.21              2         473.34
         109.77              3         168.30
          35.79              1         358.20
          59.79              2         409.65
          44.33              1         475.89
         125.82              3         436.69
         278.93              5         163.54
         218.88              4         350.58
         457.95              6         280.64
         249.33              5         211.15
         163.64              4         251.30
         556.31              7         206.18
         146.13              3         383.12
          78.48              2         277.71
         230.48              4         134.29
          44.27              2         124.32
         357.89              5         214.52
          80.72              2         360.97
         112.58              3         206.55
         108.77              3         469.75
          38.14              1         474.17
         123.11              3         308.14
         307.09              5         461.27
         264.97              5         484.78
         458.71              6         279.16
           2.47              0         271.80
         283.59              5         286.16
         547.16              7         210.13
         158.74              4         550.03
         222.23              4         519.23
         317.35              5         494.73
          50.31              2         480.69
          69.58              2         173.27
         275.84              5         400.95
         197.91              4         325.01
         626.65              8         185.55
           1.50              0         322.53
         150.03              3         240.64
         195.23              4         211.73
          22.97              1         203.11
         185.57              4         312.95
         183.56              4         537.35
         245.98              4         200.24
         590.40              7         330.45
         187.09              4         210.88
          47.15              2         111.66
         830.79              9         334.30
          97.33              3         290.89
         355.63              6         329.79
         491.93              6         387.51
         112.48              3         238.52
         601.12              7         263.69
         168.56              4         191.07
         263.37              4         190.59
         359.36              6         215.62
         146.89              3         173.56
         272.41              5         387.83
           9.52              1         352.09
         273.18              5         275.06
         159.36              4         153.78
         769.44              7         363.35
           1.58              0         366.22
         332.96              5         219.50
          89.26              2         277.44
         555.61              7         479.25
         121.17              3         348.41
          39.14              2         225.02
          48.31              2         132.93
          66.43              2         462.99
          22.40              1         188.30
         299.25              5         493.65
         161.28              3         400.75
         138.02              3         580.00
          93.70              3         161.70
          83.37              2         325.46
         608.29              7         358.66
          29.66              1         299.53
          68.96              2         235.22
         539.79              6         163.92
         742.02              8         366.67
         257.75              5         248.98
         485.54              7         312.89
         142.61              3         187.71
          98.60              3         265.47
         246.50              5         180.81
          23.74              1         422.30
          45.62              2         161.20
           3.36              0         325.09
          21.52              1         277.83
          39.34              1         233.85
         264.74              4         456.41
         199.35              4         262.85
         206.34              4         405.90
         176.30              4         349.98
         151.71              3         276.23
         118.39              3         350.93
          68.33              2         292.16
         172.63              3         432.87
         414.34              6         521.28
         328.68              5         233.99
          84.86              2         343.49
        1014.62             10         115.24
          51.14              2         193.04
           5.02              0         398.80
         595.51              7         343.29
         175.03              4         298.13
         381.33              5         234.55
         214.97              4         366.45
          29.16              1         315.57
         219.58              4         500.24
         130.03              3         155.90
          40.92              2         305.67
         269.96              5         297.40
         223.77              4          61.93
         371.35              6         335.29
        1237.54             10         171.70
         164.28              3         494.73
         499.50              6         176.22
         365.38              6         382.06
         173.08              3         326.61
          41.41              2         462.24
         394.10              6         132.28
          88.57              2         279.63
         776.66              8         139.72
         613.33              7         362.67
         275.38              4         323.73
         439.67              6         242.42
         268.31              4         344.23
          44.06              2         298.61
         321.76              5         571.98
         183.85              4         303.48
          99.70              3         277.56
         102.92              3         397.46
         791.74              8         188.40
         618.72              8         497.27
         141.11              3         222.68
         443.65              6         421.69
         220.42              4         308.95
         104.99              3         605.95
         641.98              8         144.27
          17.74              1         373.85
         113.37              3         429.00
          31.11              1         345.20
         302.87              6         157.63
         116.31              3         295.96
         367.12              5         323.86
         122.27              3         186.36
         284.04              5         180.25
           0.21              0         339.10
         203.34              4         235.16
           2.66              0         244.36
           8.15              0         186.64
          26.34              1         146.24
          24.85              1         447.37
          56.51              2         281.84
           9.20              1         228.80
          28.34              1         428.65
          45.09              2         311.55
           0.09              0         488.80
         159.46              3         298.68
          40.09              1         386.67
         159.83              3         251.02
         302.73              5         202.66
         435.77              7          96.56
          20.71              1         197.27
         324.18              6         211.85
         150.35              4         345.78
         134.87              3         263.89
         550.90              6         537.72
         238.45              4         294.96
          71.63              2         249.25
          72.48              2         307.83
         221.13              4         446.80
         224.59              4         242.93
         514.76              7         205.13
           1.32              0         248.58
         274.96              4         311.94
         823.55              9         293.39
          13.93              1         144.65
         347.41              5         168.42
         303.63              5         372.83
         151.51              3         299.21
         130.06              4         185.71
          16.39              1         238.51
          90.54              3         577.44
         233.31              4         224.88
         721.97              8          87.41
         237.19              4         220.60
         274.11              5         259.09
         264.11              4         367.35
          93.13              2         473.84
         337.69              6         289.73
          13.98              1         384.94
         366.29              6         260.36
         153.86              4         262.04
         163.43              4         483.81
         622.10              7         245.19
         100.45              2         164.59
         643.45              8         229.61
         348.87              5         245.48
         337.15              5         307.13
         244.30              5         201.18
           1.45              0         325.73
         144.94              3         171.79
          15.23              1         302.96
         343.94              5         220.99
         265.63              5         191.51
          92.54              3         260.54
          57.42              2         129.83
         505.87              7         227.12
         247.51              4         296.14
          48.44              2         354.38
           8.94              0         267.20
         601.17              7         412.68
          73.15              2         360.26
         130.84              3         419.52
         249.86              4         306.66
        1086.56              9         222.75
         155.60              3         335.74
           5.94              0         181.39
         409.40              6         509.12
         258.12              4         257.36
          55.25              2         207.85
          70.49              2         213.71
          22.06              1         215.81
         135.11              3         133.26
         256.86              5         365.14
         108.68              3         158.11
         312.14              5         239.35
         767.05              8         136.28
          42.91              2         632.79
         212.34              4         178.14
         996.58             10         190.76
         497.72              7         460.57
          99.10              3         502.29
         843.24              9         433.74
         519.12              7         197.50
         294.72              4         297.20
          62.27              2         249.68
         554.70              7         182.40
          82.24              3         295.72
         388.70              5         236.95
         186.01              4         386.49
          23.98              1         236.92
          68.27              2         375.44
         576.02              8         351.41
         327.95              5         385.19
         262.64              4         481.29
         409.88              6         203.91
         167.38              4         309.40
         301.20              5         451.07
         616.17              7         268.84
         372.86              5         288.74
          25.02              1         269.93
          32.73              1         462.20
          80.37              2         455.39
         392.78              6         182.75
         452.10              6         232.23
         436.69              6         240.28
          38.98              1         444.88
         204.18              4         180.78
         876.79              8         333.15
         411.36              6         276.87
          43.23              2         466.10
         141.66              3         466.77
         447.38              6         243.37
         143.80              3         335.50
         366.39              5         378.19
          16.25              1         450.41
          40.75              1         237.31
         804.74              8         234.93
         596.86              6         378.92
           2.17              0         187.38
          76.41              2         384.58
          75.84              2         282.12
         734.03              8         226.37
          94.67              3         304.30
         113.41              3         150.64
         104.30              2         441.74
         110.73              3         527.15
         109.22              3         239.93
         113.07              3         367.62
         106.67              3         179.38
         263.45              5         267.68
         103.82              2         527.60
         239.35              4         332.18
          45.42              2         351.20
         708.80              8         384.62
         274.82              5         350.14
         331.11              5         278.09
          51.46              2         442.09
          35.30              1         471.69
           6.25              0         268.79
         276.82              5         319.23
           9.05              0         386.02
          31.83              1         240.34
         272.56              5         236.14
         273.43              4         183.49
         552.45              8         233.31
         182.50              4         351.23
          63.59              2         419.59
         327.48              5         260.41
         384.01              5         536.33
         518.35              7         151.06
         287.72              5         565.75
          22.73              1         157.24
         108.08              3         213.67
          60.94              2         488.33
         182.82              4         444.83
          60.81              2         614.76
          83.13              2         258.73
         196.92              4         247.23
         112.02              3         420.28
          33.76              1         170.86
         357.71              6         312.56
         522.45              6         471.77
          66.65              2         443.60
         627.88              7         242.57
         282.84              5         360.35
         176.82              4         251.16
         225.50              4         331.38
          56.37              2         289.51
         362.35              6         288.35
         505.85              7         162.96
         160.60              4         281.59
          61.95              2         224.89
         194.64              4         276.65
         122.70              3         155.41
          74.24              2         299.37
          84.50              3         255.54
         801.31              8         315.78
         192.44              4         167.26
         144.81              3         508.74
         187.49              4         212.43
          27.71              1         454.36
         137.47              3         161.10
          67.29              2         459.15
         298.52              5         324.40
          28.44              1         523.10
          89.46              3         146.27
          11.41              1         458.33
          21.80              1         329.81
         287.96              5         307.65
         182.10              4         258.64
          64.14              2         153.78
         114.44              3         306.17
         773.46              9         239.75
         131.01              3         212.27
          92.53              3         488.89
         629.58              7         130.37
         387.30              5         269.55
         115.50              3         392.34
         294.25              5         232.23
         241.02              4         339.13
         392.08              5         475.38
          55.10              2         388.45
         139.91              3         282.23
         347.74              5         437.00
          38.27              1         462.08
         511.08              6         572.84
         313.91              5         435.50
         247.68              4         225.37
          79.58              2         279.30
          42.10              1         178.16
         246.80              4         172.94
        1010.59              9         181.76
         277.08              5         152.96
          32.99              1         306.56
         403.01              6         498.80
         188.23              3         273.66
         157.32              3         374.57
         263.91              5         309.32
          88.81              2         412.95
         400.40              6         345.33
         150.64              3         157.18
          47.26              2         230.29
          60.15              2         290.68
          82.43              2         412.01
         269.06              5         444.82
         184.88              3         334.12
         251.37              4         179.27
          64.57              2         357.55
         289.02              5         415.30
          67.60              2         422.59
         330.30              6         312.44
         117.13              3         350.95
         144.00              3         394.64
         432.61              6         286.07
         364.97              6         309.03
         378.66              6         313.46
         421.06              6         500.30
         262.63              5         250.26
          95.06              3         261.76
         384.15              5         392.34
          13.34              1         202.87
         669.38              8         472.37
           4.71              0         220.82
         163.21              3         379.53
         282.72              5         258.27
         162.02              4         230.75
          79.90              2          98.66
         238.64              4         269.99
         191.52              4         264.49
         567.79              7         397.52
         303.55              5         338.19
          29.64              1         358.58
         142.26              3         301.91
         318.88              5         428.69
         309.21              5         124.19
         509.39              6         254.02
         139.19              3         218.59
         596.91              7         201.18
          98.21              2         390.12
           9.35              0         130.26
          78.34              2         490.51
          99.92              3         432.01
         199.28              4         224.65
          39.78              1         316.65
          14.00              1         398.17
         428.40              6         357.70
          33.04              1         383.51
           3.34              0         308.79
         447.16              6         152.84
          33.09              1         540.11
          39.45              1         128.92
          52.71              2         468.68
           3.57              0         302.99
         150.41              4         511.46
         158.52              3         152.64
         108.80              3         386.53
          11.77              1         247.09
         200.37              4         235.21
         372.44              6         309.03
         209.75              4         165.60
         251.80              4         283.56
         205.67              4         254.32
         201.92              4         450.63
         410.95              6         212.69
         146.11              3         414.94
          42.85              1         320.09
         116.39              3         301.61
         105.90              3         345.22
         326.72              5         371.74
          14.45              1         256.44
         202.19              4         518.20
          68.77              2         368.54
           0.00              0         292.96
          78.94              2         144.66
         511.04              7         185.55
         358.27              5         520.25
          67.09              2         229.84
         207.45              4         341.05
         511.28              6         158.46
         434.39              6         186.09
         470.97              7         419.40
          60.25              2         213.47
         332.25              6         548.19
         352.27              5         506.73
         572.89              7         166.47
         410.66              6         290.55
          82.07              2         323.94
         429.47              6         234.85
         148.89              4         291.37
         313.62              5         303.07
         136.17              3         154.07
         285.12              5         565.94
         151.42              3         190.60
         595.33              7         221.05
         549.43              7         248.75
          76.90              2         166.76
          71.53              2         430.28
          29.71              1         240.36
          36.32              1         180.09
         228.72              5         241.25
         621.87              7         217.89
         331.84              5         519.72
           1.78              0         206.13
         187.99              4         171.32
         124.64              3         646.73
         248.95              4         210.01
         275.12              5         356.17
         216.39              4         202.78
         318.99              5         637.25
          20.21              1         264.75
         766.19              8         306.09
         479.89              7         392.11
          91.42              3         483.91
         108.32              3         598.73
         302.18              5         174.17
         399.16              6         378.08
         241.78              5         381.10
          28.66              1         417.83
          26.52              1         168.83
         281.79              5         593.30
           8.25              0         513.04
          17.12              1         276.30
         326.40              5         246.18
         180.97              4         108.16
         648.65              7         160.91
           4.91              0         433.19
           4.18              0         188.39
         574.90              7         352.37
          51.25              2         495.15
          12.57              1         147.97
          55.87              2         445.88
         105.47              3         578.60
         247.39              5         182.92
          88.00              2         267.57
          31.12              1         288.53
         517.78              7         284.41
         295.86              5         231.50
          24.07              1         520.86
         100.02              3         436.78
         379.40              6         274.35
         365.77              6         109.68
         431.06              6         450.15
           1.58              0         387.38
          33.75              1         371.16
         244.20              5         154.69
           7.09              0         477.88
         300.65              5         212.06
          62.40              2         219.53
          77.41              2         642.55
          11.20              1         178.00
         430.38              6         512.88
          15.65              1         239.20
         894.59              8         199.29
         495.53              7         394.48
          19.67              1         225.64
          65.78              2         327.46
         175.46              4         230.26
         381.10              6         406.08
          55.45              2         265.84
         935.36              9         293.48
         111.56              3         265.32
         503.35              6         406.05
         265.84              4         433.72
         246.41              4         323.89
         426.79              6         335.23
         111.75              3         150.28
         311.49              5         160.54
         261.75              5         669.83
         132.28              3         284.63
         274.21              5         160.48
         197.30              4         152.14
         450.09              6         458.21
         332.78              5         314.69
         532.40              6         252.61
         391.50              5         470.65
         776.13             10         425.90
          14.86              1         211.35
          89.33              2         277.74
          35.19              1         411.98
         145.54              3         292.67
         124.82              3         245.83
         334.58              5         375.76
         313.49              5         290.86
         296.16              5         168.74
         755.32              8         189.56
         294.13              5         500.39
          31.92              1         284.67
         280.27              5         177.87
          12.41              1         349.70
           1.91              0         450.80
         114.47              3         218.92
          53.02              2         341.86
         318.23              5         165.08
         630.28              7         359.00
         995.33             10         150.38
         694.93              7         328.24
          44.50              2         603.40
         299.31              5         369.07
         468.49              7         400.81
           4.21              0         369.66
          11.99              1         200.85
         264.88              4         295.28
         283.03              4         265.89
         400.88              5         280.90
          79.17              2         153.37
          57.02              2         309.99
          23.66              1         270.95
          20.29              1         472.73
         348.53              5         252.15
         352.63              6         205.35
          39.43              1         396.75
         241.26              4         296.70
         473.49              6         355.37
         154.46              3         507.69
         352.24              5         382.12
         379.68              5         253.41
         119.28              3         310.75
          32.33              1         527.08
         807.91              9         346.83
          60.05              2         264.83
         335.29              5         365.35
         310.95              5         193.30
         643.73              7         196.79
         700.27              8         170.70
          16.82              1         401.94
         254.67              4         244.07
          38.95              2         337.32
         207.21              4         582.09
         254.19              4         549.70
         232.74              5         412.46
         207.04              4         276.18
         128.62              3         251.67
         103.72              3         126.21
         171.31              3         461.35
         223.51              4         297.91
          57.87              2         522.11
         549.34              7         255.74
         194.95              4         145.03
         359.63              6         157.84
         530.02              7         337.88
         211.33              4         326.66
          11.74              1         257.38
         267.43              5         356.47
         135.53              3         183.17
          71.78              2         432.95
          21.83              1         337.07
         232.80              4         315.61
          27.56              1         206.05
         313.64              5         514.95
         499.27              7         308.66
          27.08              1         349.01
         284.51              5         377.94
          47.51              2         236.67
         312.23              5         216.98
         174.71              4         214.90
          12.53              1         199.20
         336.26              5         290.93
         568.00              6         165.30
          28.69              1         218.85
          30.32              1         629.97
         177.41              4         438.23
          99.19              3         103.75
         220.17              4         486.75
         144.49              3         258.51
         194.43              4         237.69
         115.56              3         278.42
         372.42              6         379.17
         136.76              3         261.97
         148.59              3         509.80
          40.68              1         500.78
         266.42              5         317.88
          21.91              1         361.70
         280.59              5         329.64
         145.04              4         541.84
         375.53              5         170.88
          17.88              1         104.56
          44.83              2         229.11
         378.25              6         139.78
         159.72              3         452.08
         433.25              6         186.90
          30.21              1         389.91
         239.80              5         431.76
         216.27              4         154.61
         515.61              7         236.87
          85.28              2         433.42
         709.45              8         226.11
          37.16              1         248.49
         101.70              3         302.25
           8.51              0         222.48
         187.66              4         177.43
         221.72              4         287.40
         245.03              4         563.72
         166.61              4         182.93
         144.55              4         321.16
          13.82              1         559.43
         251.17              4         155.25
         126.05              3         349.07
         812.60              8         181.45
         119.01              3         449.81
         216.25              4         501.94
           0.70              0         176.02
         409.71              6         420.31
         262.49              5         419.81
         648.37              7         164.02
         103.00              3         225.16
         333.88              5         427.69
         317.94              5         281.24
         665.17              7         237.33
         102.41              3         160.05
         751.73              8         314.20
         177.69              3         257.99
         178.84              4         340.87
          37.21              1         368.42
         140.01              4         442.69
         640.19              7         248.75
         365.82              5         236.52
          42.67              1         383.82
          52.09              2         200.59
         129.28              3         204.94
         255.72              5         203.73
         156.26              3         583.61
          78.57              2         368.23
          99.76              3         370.35
         522.30              7         366.24
         262.58              5         173.20
         100.06              3         230.75
         382.84              6         333.48
          37.70              1         345.60
         320.70              5         245.03
         159.95              4         392.75
          20.00              1         466.93
         251.32              5         213.13
         205.51              4         138.16
         162.85              4         424.38
          39.35              2         471.59
         482.61              7         171.43
         232.86              5         231.33
         206.87              4         456.61
         152.47              3         282.66
         219.05              4         301.23
         217.47              4         371.01
         504.21              6         147.67
         131.85              3         237.95
         218.89              4         172.75
          96.17              3         364.07
          99.94              3         310.65
          33.51              1         260.70
         581.42              7         276.45
         331.52              5         312.94
          17.79              1         433.96
         403.51              6         340.68
         213.85              4         237.34
          33.96              1          71.59
         274.19              5         300.06
         168.15              3         243.44
          69.09              2         436.67
          28.31              1         294.31
         312.91              6         357.11
          92.18              3         207.11
         336.96              5         232.58
         418.32              6         423.94
         276.25              5         459.09
          80.29              2         325.57
         387.64              6         188.85
          50.14              2         340.15
         333.65              5         424.04
         244.40              5         189.78
          39.52              1         283.18
         276.60              5         250.73
         149.93              4         103.03
           8.32              0         464.07
         332.97              5         411.20
          36.81              2         392.97
         347.79              6         430.28
         115.27              3         290.00
         345.93              5         363.10
          69.07              2         583.24
         581.31              7         309.85
         784.36              9         180.18
          44.53              2         306.50
         186.80              4         181.67
         360.38              6         142.64
         108.49              3         110.42
          70.45              2         313.84
         160.02              3         170.46
         747.77              8         160.19
         437.81              6         365.31
         138.02              3         241.27
         254.01              4         359.24
         293.28              5         137.75
         209.62              5         270.41
         474.62              6         361.81
          64.92              2         408.54
         198.12              4         445.73
         389.46              6         188.37
         124.14              3         423.08
         153.57              3         240.13
         469.16              6         531.82
         289.05              5         351.08
         152.46              3         359.64
          25.08              1         237.63
         536.34              7         529.24
         260.91              5         341.95
         119.71              3          96.39
         405.75              6         234.65
         266.06              5         393.47
          14.73              1         418.47
         203.44              4         302.63
         479.57              6         107.65
         222.02              4         448.98
         200.35              4         346.56
         291.43              5         446.04
         125.38              3         382.08
         581.61              8         449.59
         346.38              6         197.58
          46.53              2         371.92
          48.89              2         652.31
         281.29              5         412.85
         168.59              4         333.60
          58.16              2         600.28
          13.86              1         226.18
         141.55              3         494.73
          47.66              2         352.01
           1.08              0         523.21
          26.88              1         296.17
         144.73              4         347.57
         616.22              8         284.32
         162.26              4         157.98
         257.60              5         161.16
         235.94              4         425.39
         707.89              8         213.54
          35.72              1         400.46
         137.11              3         310.23
         167.95              4         198.30
         156.98              3         201.10
         425.25              6         411.63
         113.61              3         152.19
           4.69              0         244.82
         287.25              5         250.02
         296.73              5         234.25
         263.18              5         436.14
         444.30              6         390.01
         450.07              6         425.75
         528.89              6         270.78
          29.14              1         396.13
         109.66              3         196.82
          86.22              2         255.88
          49.23              2         459.42
         121.56              3         189.12
          91.30              2         333.55
         502.79              6         264.95
          27.76              1         509.32
          32.13              1         286.36
         616.44              8         286.08
         329.82              5         241.55
         570.30              7         344.39
         350.80              6         224.21
          49.56              2         238.05
         183.08              4         378.84
          13.56              1         265.28
         347.56              6         105.63
         394.24              6         330.95
          61.38              2         149.21
           5.83              0         464.10
         629.33              8         253.25
         173.22              4         376.34
         349.67              5         281.52
          36.11              1         482.23
          74.65              2         219.69
           2.46              0         289.41
         221.01              4         265.35
         126.49              3         348.92
         398.91              6         472.85
          45.11              2         378.56
          30.37              1         154.87
         221.71              4         497.51
          16.28              1         359.12
         214.52              4         543.53
         323.51              5         436.44
         115.15              3         531.06
          46.13              2         165.51
         419.78              6         601.66
         270.27              4         298.73
         335.17              5         331.36
         199.76              4         231.99
         143.67              3         290.80
         271.50              5         182.26
          41.43              2         245.04
         110.79              3         135.34
         110.49              3         169.55
         329.61              5         326.44
         329.17              5         392.45
         142.81              3         425.91
          28.20              1         398.71
         182.68              4         543.36
          98.98              3         488.96
         418.75              6         476.73
         679.07              8         203.60
         382.53              6         339.89
          88.58              2         130.79
         337.68              5         441.99
          35.30              1         506.94
         262.24              4         208.72
         151.64              3         270.58
         393.72              6         198.68
         128.19              3         153.42
         403.22              6         194.31
         148.24              3         240.65
         287.75              5         346.71
          39.61              1         246.62
          99.10              2         355.42
         124.33              3         456.42
         180.42              4         401.66
         168.38              4         157.59
          56.16              2         144.46
         238.58              4         303.31
         456.91              7         169.25
         246.71              4         164.57
         388.79              6         220.61
          86.73              2         171.94
         286.18              5         187.65
         132.72              3         371.87
         946.67             10         258.29
         443.47              6         385.07
          57.56              2         203.49
         220.03              4         170.71
          33.80              1         396.01
         552.57              7         254.83
          13.29              1         230.68
         787.79              8         149.12
         166.55              4         300.69
         211.16              4         427.89
          22.87              1         233.67
          81.18              2         115.68
          33.44              1         162.92
         266.45              4         309.55
         142.19              3         309.51
         312.26              5         539.79
         998.01              9         273.62
         140.84              4         330.77
           0.39              0         394.07
         113.47              3         258.19
          44.33              1         302.63
           0.34              0         276.65
          19.24              1         358.49
          16.72              1         137.77
         173.53              4         179.92
         365.99              6         240.79
          27.41              1         691.96
         434.61              6         364.23
          74.33              2         161.04
         311.89              5         285.20
          33.15              1         316.52
         251.98              5         330.87
         565.95              7         172.71
         615.94              7         358.17
         334.34              5         400.29
         412.74              6         262.18
         189.33              4         277.49
         442.44              6         250.30
          13.65              1         374.20
          61.96              2         287.01
         171.41              4         371.76
         221.68              4         554.57
         124.61              3         527.55
         919.28              9         149.06
         150.99              4         470.52
         278.97              5         304.38
          43.68              2         205.56
         144.81              3         478.22
         111.43              3         469.24
         313.26              5         210.62
         136.75              3         168.09
         272.09              4         252.05
         276.56              5         562.55
         254.58              5         286.74
         290.74              5         468.25
         116.28              3         252.00
         370.23              5         383.23
         307.68              5         130.75
        1061.26             11         210.45
          45.42              2         570.06
         267.01              4         160.80
         626.21              8         368.79
         592.23              7         380.21
           9.61              0         427.10
         868.34              9         353.14
         253.79              5         159.43
         160.41              3         306.73
         189.82              4         269.67
         284.04              4         294.70
         445.71              7         367.93
         267.00              5         281.00
         428.70              6         129.31
         265.53              5         337.69
         120.82              3         511.80
         741.57              8         457.46
        1022.69              9         223.09
         390.06              6         203.09
          69.07              2         444.76
         105.10              2         364.69
         202.94              4         302.50
         335.24              6         105.83
         367.61              6         295.77
         363.97              6         302.02
         210.42              4         238.36
         146.73              3         329.11
          87.34              2         279.54
         386.94              5         342.68
         183.49              4         481.60
         451.77              6         480.31
         284.09              5         317.87
         117.04              3         296.80
