   #Hard_on_HCl   #Hard_on_HCl   #Hard_on_HCl
 #Erot(HCl)cm-1             #J    #Speed(m/s)
         593.23              7         259.68
          63.56              2         222.00
         593.23              7         151.61
          63.56              2         648.93
         593.23              7         336.59
         127.12              3         417.83
         444.92              6         157.85
         762.73              8         727.85
         127.12              3         434.47
          21.19              1         159.75
        1165.28             10         429.14
         211.87              4         161.88
         444.92              6         368.93
         593.23              7         303.00
         317.80              5         203.14
         317.80              5         253.75
         211.87              4         387.96
         762.73              8         252.54
         317.80              5         272.79
         127.12              3         680.92
         593.23              7         271.24
          63.56              2         397.07
         317.80              5         357.04
         127.12              3         216.68
         444.92              6         323.76
          63.56              2         197.97
         593.23              7         204.20
          63.56              2         539.98
         317.80              5         430.45
         444.92              6         327.75
         127.12              3         234.67
         317.80              5         285.64
         211.87              4         181.75
         127.12              3         266.83
          21.19              1         123.58
         127.12              3         202.63
         317.80              5         388.51
         444.92              6         278.71
         127.12              3         334.76
         127.12              3         566.16
          21.19              1         176.94
         211.87              4         302.49
          21.19              1         492.67
         317.80              5         479.08
          21.19              1         318.61
          21.19              1         225.98
        1652.57             12         388.06
          63.56              2         307.60
         127.12              3         167.61
          21.19              1         412.79
         317.80              5         326.85
          63.56              2         537.46
         127.12              3         235.86
         444.92              6         215.13
         317.80              5         211.11
          21.19              1         168.93
          21.19              1         344.10
           0.00              0         263.02
          63.56              2         477.49
         127.12              3         329.64
         211.87              4         188.76
         317.80              5         214.52
         127.12              3         504.25
          63.56              2         365.93
         127.12              3         142.19
         593.23              7         239.63
         444.92              6         240.66
          21.19              1         428.30
         762.73              8         535.60
          63.56              2         209.34
          63.56              2         227.13
         593.23              7         386.39
         127.12              3         245.29
         317.80              5         251.87
         211.87              4         525.39
          21.19              1         247.08
          63.56              2         421.14
         127.12              3         409.23
         211.87              4         365.12
         317.80              5         187.80
         593.23              7         381.93
          63.56              2         179.96
         444.92              6         129.28
         127.12              3         131.02
         127.12              3         332.26
         593.23              7         324.09
         593.23              7         269.46
         444.92              6         280.50
         127.12              3         237.38
         317.80              5         155.58
         953.41              9         263.79
         444.92              6         508.91
          21.19              1         636.02
         444.92              6         503.75
         444.92              6         577.45
          63.56              2         289.64
          63.56              2         431.03
          63.56              2         250.76
         211.87              4         199.67
         444.92              6         191.15
         317.80              5         272.23
         127.12              3         324.06
         211.87              4         378.66
           0.00              0         370.25
         953.41              9         431.41
        1398.33             11         375.65
          21.19              1         309.26
         127.12              3         340.74
         127.12              3         231.32
         317.80              5         535.83
         127.12              3         332.36
         127.12              3         132.62
         127.12              3         164.33
         762.73              8         377.64
         317.80              5         232.23
         127.12              3         510.99
         953.41              9         106.40
         317.80              5         321.62
         593.23              7         344.63
         762.73              8         433.40
         317.80              5         241.15
         953.41              9          93.77
         127.12              3         166.47
         211.87              4         218.23
         593.23              7         377.47
         127.12              3         364.63
         317.80              5         203.96
          63.56              2         168.32
           0.00              0         202.32
         211.87              4         336.17
         317.80              5         273.32
         127.12              3         128.98
          21.19              1         481.57
         211.87              4         229.08
         127.12              3         516.51
         317.80              5         478.05
         211.87              4         191.66
         317.80              5         119.10
         317.80              5         195.23
         127.12              3         204.85
         762.73              8         262.52
         593.23              7         224.67
         127.12              3         292.07
         127.12              3         272.35
          63.56              2         461.20
         127.12              3         504.93
          63.56              2         347.53
         127.12              3         320.79
         127.12              3         468.99
         953.41              9         237.52
          21.19              1         243.21
          63.56              2         298.19
         953.41              9         440.53
          21.19              1         376.48
         211.87              4         305.57
           0.00              0         303.38
          63.56              2         437.36
         127.12              3         426.57
         593.23              7         721.99
        1398.33             11         502.68
         953.41              9         308.93
         211.87              4         323.00
         127.12              3         351.86
         127.12              3         322.98
         593.23              7         398.34
           0.00              0         144.36
         127.12              3         162.43
         953.41              9         370.08
         444.92              6         252.12
          21.19              1         224.71
         211.87              4         296.02
          63.56              2         357.22
         317.80              5         253.91
         317.80              5         226.55
         127.12              3         365.72
          63.56              2         311.84
          21.19              1         112.36
         127.12              3         214.98
         317.80              5         587.41
         127.12              3         639.59
         211.87              4         319.12
          21.19              1         545.14
         953.41              9         391.46
         444.92              6         391.84
         953.41              9         306.22
          21.19              1         489.48
         953.41              9         371.47
         127.12              3         125.82
         317.80              5         215.54
         211.87              4         237.42
         127.12              3         296.71
         127.12              3         108.18
         127.12              3         235.78
         211.87              4         253.50
        1165.28             10         736.33
         317.80              5         291.37
          21.19              1         312.87
         317.80              5         283.26
         317.80              5         452.43
         211.87              4         228.38
         127.12              3         222.06
         211.87              4         315.33
         953.41              9         256.22
         317.80              5         329.11
          63.56              2         501.36
         127.12              3         326.06
         593.23              7         313.58
          21.19              1         214.39
         127.12              3         316.73
           0.00              0         501.47
          21.19              1         400.24
          63.56              2         312.61
           0.00              0         196.14
         953.41              9         592.75
         593.23              7         238.04
          63.56              2         630.93
         317.80              5         294.24
         127.12              3         303.71
           0.00              0         347.57
         127.12              3         330.23
           0.00              0         408.82
         211.87              4         208.46
         127.12              3         628.36
         211.87              4         244.49
         211.87              4         195.79
         317.80              5          82.43
         211.87              4         421.74
          21.19              1         274.78
         444.92              6         377.24
         317.80              5         151.28
         317.80              5         393.21
          21.19              1         206.79
         127.12              3         327.19
         444.92              6         171.19
          63.56              2         233.06
         211.87              4         313.00
        2224.62             14         173.19
         762.73              8         257.28
         211.87              4         320.94
         593.23              7         397.32
         444.92              6         367.03
         444.92              6         102.71
          63.56              2         688.49
         593.23              7         223.87
          63.56              2         251.08
         211.87              4         191.41
          21.19              1         552.10
         317.80              5         310.61
         762.73              8         176.31
         211.87              4         199.45
         211.87              4         323.39
         317.80              5         158.41
          21.19              1         391.72
         444.92              6         469.55
         211.87              4         480.86
         127.12              3         327.59
         593.23              7         271.07
         211.87              4         151.23
          63.56              2         265.22
         317.80              5         324.94
         211.87              4         345.92
         593.23              7         265.11
           0.00              0         431.04
         127.12              3         292.51
         127.12              3         212.16
         593.23              7         275.06
         762.73              8         429.30
         211.87              4         521.30
        1165.28             10         445.74
         127.12              3         275.00
         317.80              5         216.00
         444.92              6         387.19
         317.80              5         406.24
         211.87              4         495.45
         211.87              4         360.11
        1398.33             11         366.31
         762.73              8         437.30
         953.41              9         446.02
         593.23              7         311.29
         317.80              5         287.08
          63.56              2         283.54
         762.73              8         754.17
         127.12              3         161.84
         211.87              4         308.81
         317.80              5         296.66
          63.56              2         289.59
         762.73              8         546.51
        1652.57             12         195.96
         211.87              4         115.51
         317.80              5         402.89
         211.87              4         748.57
         211.87              4         209.92
         127.12              3         301.42
          21.19              1         504.21
          63.56              2         403.04
         211.87              4         492.40
         444.92              6         462.68
         444.92              6         188.63
         127.12              3         448.15
         593.23              7         314.20
         762.73              8         171.91
         444.92              6         141.39
         762.73              8         275.49
          21.19              1         470.35
         211.87              4         294.31
         444.92              6         187.36
          63.56              2         128.96
         317.80              5         370.99
         953.41              9         357.31
         127.12              3         160.94
         762.73              8         427.89
         211.87              4         316.24
          63.56              2         363.68
         127.12              3         372.27
         211.87              4         261.93
         211.87              4         309.51
         317.80              5         468.06
          21.19              1         209.63
        2542.42             15         351.78
         127.12              3         229.19
         127.12              3         499.95
          21.19              1         443.42
         593.23              7         234.36
         211.87              4         243.96
         317.80              5         241.45
         211.87              4         219.33
          63.56              2         294.26
         593.23              7         140.04
         211.87              4         218.32
         444.92              6         592.36
         211.87              4         472.95
         317.80              5         162.27
         762.73              8         250.57
         593.23              7         578.29
          63.56              2         254.29
          21.19              1         145.21
         127.12              3         224.86
         317.80              5         560.04
         444.92              6         452.90
         444.92              6         184.89
         127.12              3         463.97
          63.56              2         238.70
          21.19              1         151.59
          63.56              2         226.16
         317.80              5         188.64
         317.80              5         346.77
         317.80              5         479.91
         127.12              3         485.06
         593.23              7         239.85
         211.87              4         143.83
          21.19              1         388.77
         444.92              6         290.15
         127.12              3         597.31
          21.19              1         361.65
         211.87              4         333.55
          63.56              2         198.39
         593.23              7         358.12
         127.12              3         275.14
         211.87              4         390.50
         127.12              3         363.55
         127.12              3          92.96
        1165.28             10         421.45
          63.56              2         162.75
         317.80              5         225.42
         127.12              3         206.72
           0.00              0         221.51
          21.19              1         298.51
          21.19              1         280.97
         444.92              6         224.75
          21.19              1         120.25
         317.80              5         291.92
          63.56              2         407.92
         127.12              3         222.87
          63.56              2         357.03
         127.12              3         339.43
         127.12              3         505.33
         593.23              7         349.58
          63.56              2         489.89
         211.87              4         158.94
         593.23              7         350.38
         211.87              4         325.18
         127.12              3         153.00
          63.56              2         232.21
          21.19              1         507.87
         953.41              9         323.94
         127.12              3         176.38
          63.56              2         340.05
         317.80              5         542.48
         127.12              3         899.82
          63.56              2         228.12
         593.23              7         261.48
         317.80              5         258.61
         211.87              4         330.90
          21.19              1         202.28
         127.12              3         203.38
         127.12              3         474.37
         211.87              4         385.90
         211.87              4         283.54
          63.56              2         682.28
         762.73              8         242.26
          21.19              1         431.13
         127.12              3         555.00
          21.19              1         405.82
         317.80              5         154.26
          21.19              1         464.04
          63.56              2         328.28
         127.12              3         686.09
          63.56              2         536.89
         444.92              6         255.52
         317.80              5         163.78
         211.87              4         566.47
          63.56              2         181.95
         444.92              6         561.03
         317.80              5         270.44
          63.56              2         393.58
         127.12              3         487.24
          63.56              2         213.26
          63.56              2         344.76
         953.41              9         489.53
          63.56              2         397.78
          63.56              2         300.94
         127.12              3         181.36
         211.87              4         790.44
         317.80              5         181.55
         317.80              5         495.34
         211.87              4         310.46
         317.80              5         313.37
         762.73              8         235.80
         444.92              6         418.82
          63.56              2         280.26
         593.23              7         460.82
         317.80              5         108.66
         127.12              3         199.70
         762.73              8         159.04
         444.92              6         353.46
          63.56              2         234.87
         127.12              3         490.54
          21.19              1         409.55
         317.80              5         253.26
         317.80              5         407.17
          63.56              2         223.59
         444.92              6         133.78
         127.12              3         165.55
         444.92              6         348.69
          21.19              1         471.82
         953.41              9         189.09
         127.12              3         181.25
         593.23              7          98.83
         444.92              6         709.99
         211.87              4         561.50
          63.56              2         519.12
         127.12              3         263.63
         211.87              4         252.66
         762.73              8         557.04
         444.92              6         215.83
        1165.28             10         288.10
          63.56              2         260.16
         211.87              4         214.18
         593.23              7         666.20
         953.41              9         304.44
          21.19              1         239.37
         317.80              5         160.17
          21.19              1         297.88
         317.80              5         380.00
         317.80              5         492.46
         762.73              8         170.51
         127.12              3         217.52
         317.80              5         435.32
          63.56              2         611.27
         211.87              4         437.73
         593.23              7         158.65
         127.12              3         355.86
         211.87              4         266.97
         127.12              3         469.58
         444.92              6         189.64
         211.87              4         171.44
         211.87              4         174.30
         593.23              7         374.70
         593.23              7         113.86
         444.92              6         389.28
         127.12              3         382.42
         127.12              3         398.66
         127.12              3         480.95
          21.19              1         467.25
         211.87              4         446.29
         317.80              5         467.41
         444.92              6         371.74
         211.87              4         447.22
          63.56              2         371.73
         593.23              7         341.50
         127.12              3         677.29
         127.12              3         380.34
         444.92              6         437.26
         444.92              6         142.64
         127.12              3         110.42
         127.12              3         241.27
         317.80              5         270.41
         444.92              6         188.37
         127.12              3         240.13
         317.80              5         351.08
        1398.33             11         499.30
          21.19              1         237.63
         317.80              5         393.47
         211.87              4         302.63
         211.87              4         346.56
         762.73              8         449.59
          63.56              2         352.01
           0.00              0         523.21
         211.87              4         347.57
         317.80              5         161.16
         211.87              4         309.35
         593.23              7         288.89
         444.92              6         244.83
         127.12              3         201.10
         444.92              6         411.63
         127.12              3         152.19
         317.80              5         250.02
         593.23              7         156.11
          21.19              1         827.82
          21.19              1         396.13
          63.56              2         459.42
          63.56              2         320.09
          63.56              2         156.30
         444.92              6         216.26
         211.87              4         155.27
         444.92              6         105.63
         211.87              4         196.36
         444.92              6         236.30
         317.80              5         251.32
         593.23              7         280.19
         317.80              5         228.18
          63.56              2         201.32
         127.12              3         255.13
         211.87              4         376.34
          63.56              2          98.19
          63.56              2         345.41
         317.80              5         182.92
         317.80              5         180.25
          63.56              2         466.87
         444.92              6         720.19
         211.87              4         135.30
         211.87              4         284.88
           0.00              0         339.10
          21.19              1         186.64
         211.87              4         267.49
         127.12              3         800.33
          63.56              2         378.56
         211.87              4         497.51
         127.12              3         234.27
         127.12              3         526.31
         762.73              8         477.60
         127.12              3         531.06
         211.87              4         646.51
         127.12              3         401.77
         211.87              4         272.76
         127.12              3         265.13
         127.12              3         135.34
         762.73              8         203.60
         444.92              6         339.89
          21.19              1         506.94
         127.12              3         240.65
          63.56              2         355.42
         593.23              7         169.25
        1165.28             10         258.29
         211.87              4         175.16
         953.41              9         645.34
         211.87              4         284.08
         211.87              4        1010.66
         211.87              4         300.69
         211.87              4         427.89
         211.87              4         309.55
         211.87              4         330.77
          21.19              1         302.63
          21.19              1         137.77
          21.19              1         691.96
         444.92              6         364.23
         317.80              5         285.20
          21.19              1         316.52
         444.92              6         684.48
         211.87              4         277.49
         127.12              3         478.22
         317.80              5         210.62
         317.80              5         252.05
         317.80              5         468.25
        1398.33             11         210.45
         762.73              8         368.79
          21.19              1         427.10
         211.87              4         269.67
         593.23              7         367.93
         444.92              6         105.83
         762.73              8         350.43
         953.41              9         580.10
         127.12              3         133.75
          63.56              2         329.94
          63.56              2         318.43
         127.12              3         198.54
          63.56              2         243.64
         211.87              4         448.66
         211.87              4         568.38
         127.12              3         277.67
         444.92              6         451.72
         953.41              9         215.30
         444.92              6         261.59
         317.80              5         249.67
         593.23              7         162.96
         127.12              3         255.54
          21.19              1         454.36
         211.87              4         267.19
         127.12              3         146.27
         317.80              5         174.17
         593.23              7         397.52
         762.73              8         233.31
          63.56              2         419.59
         953.41              9         133.93
         444.92              6         215.34
          63.56              2         367.56
          21.19              1         474.17
         127.12              3         361.11
         317.80              5         494.73
         444.92              6         382.06
         593.23              7         362.67
        1928.00             13         146.93
          63.56              2         298.61
         317.80              5         270.49
         762.73              8         310.89
         211.87              4         303.48
         127.12              3         397.46
         444.92              6         302.02
         211.87              4         238.36
         127.12              3         329.11
         953.41              9         295.75
          63.56              2         265.85
         127.12              3         302.65
          63.56              2         261.62
        1165.28             10         448.82
         317.80              5         379.58
         317.80              5         255.11
         211.87              4         267.10
          63.56              2         165.41
          63.56              2         161.59
         317.80              5         266.87
         127.12              3         185.71
         593.23              7         245.34
           0.00              0         243.67
         211.87              4         604.23
         953.41              9         248.82
         317.80              5         261.23
           0.00              0         451.34
         211.87              4         245.15
         317.80              5         190.07
         127.12              3         378.31
          21.19              1         322.93
         317.80              5         344.56
         444.92              6         317.03
         127.12              3         493.80
         211.87              4         395.46
         762.73              8         390.76
         444.92              6         277.73
          63.56              2         386.98
          21.19              1         191.46
         444.92              6         207.77
          63.56              2         110.93
         317.80              5         314.17
         762.73              8         730.08
         211.87              4         354.01
         593.23              7         306.85
          63.56              2         470.87
          63.56              2         428.71
          63.56              2         364.44
         317.80              5         375.06
         211.87              4         207.47
         127.12              3         293.16
         317.80              5         278.57
         762.73              8         185.55
           0.00              0         322.53
         211.87              4         211.73
          21.19              1         203.11
         211.87              4         537.35
         444.92              6         328.75
          63.56              2         401.33
         127.12              3         699.80
         127.12              3         507.16
         127.12              3         516.51
         444.92              6         254.02
          21.19              1         329.81
         317.80              5         307.65
          63.56              2         153.78
          63.56              2         443.54
         953.41              9         239.75
         127.12              3         488.89
         444.92              6         488.61
          63.56              2         409.65
          63.56              2         475.89
         127.12              3         436.69
         211.87              4         257.45
         211.87              4         455.80
          63.56              2         398.78
          21.19              1         358.13
         762.73              8         278.35
          63.56              2         289.83
         127.12              3         605.95
         444.92              6         157.63
         127.12              3         295.96
          63.56              2         485.46
         317.80              5         363.10
          63.56              2         443.65
          63.56              2         229.11
         444.92              6         186.90
         317.80              5         431.76
         317.80              5         263.22
         211.87              4         421.57
         211.87              4          77.34
          21.19              1         263.38
          63.56              2         419.65
         211.87              4         394.37
         444.92              6         357.70
        1165.28             10         174.14
         444.92              6         152.84
          63.56              2         204.38
         317.80              5         676.61
          63.56              2         193.53
          63.56              2         261.88
         211.87              4         143.93
         127.12              3         284.08
         593.23              7         151.06
          21.19              1         217.53
         953.41              9         455.66
         317.80              5         381.10
          21.19              1         311.30
         211.87              4         479.69
         317.80              5         593.30
         317.80              5         241.41
         317.80              5         246.18
          63.56              2         369.32
        1928.00             13         479.25
        1165.28             10         238.45
         317.80              5         241.25
         127.12              3         150.12
         211.87              4         233.61
         593.23              7         402.47
         317.80              5         303.07
         444.92              6         263.46
         444.92              6         629.58
         127.12              3         190.60
          63.56              2         199.31
          63.56              2         624.80
         211.87              4         362.48
         762.73              8         469.34
          63.56              2         243.87
         317.80              5         502.99
         211.87              4         355.01
         211.87              4         363.81
         127.12              3         191.63
         317.80              5         373.15
         444.92              6         173.90
         127.12              3         214.49
         127.12              3         449.26
         127.12              3         444.16
         211.87              4         161.45
         317.80              5         142.15
         211.87              4         382.35
         211.87              4         195.57
         762.73              8         250.04
         211.87              4         195.74
         593.23              7         267.86
         127.12              3         255.36
          63.56              2         488.33
         211.87              4         444.83
          63.56              2         614.76
         127.12              3         392.34
          63.56              2         507.02
         444.92              6         185.90
          63.56              2         123.65
         593.23              7         245.25
          21.19              1         363.84
         444.92              6         437.61
         127.12              3         187.71
         317.80              5         444.07
         127.12              3         329.07
         317.80              5         574.24
         444.92              6         432.68
          63.56              2         605.91
         953.41              9         262.16
         317.80              5         246.88
         444.92              6         163.60
         127.12              3         108.52
         127.12              3         232.57
         444.92              6         447.28
         444.92              6         273.70
         211.87              4         266.65
         127.12              3         209.63
         317.80              5         389.33
         317.80              5         212.85
        1652.57             12         318.14
         444.92              6         165.86
         444.92              6         409.99
          63.56              2         332.79
         211.87              4         179.91
         211.87              4         265.32
         444.92              6         331.72
         211.87              4         410.84
         317.80              5         303.07
         127.12              3         350.23
         127.12              3         512.16
         211.87              4         600.75
         593.23              7         176.46
         127.12              3         234.94
          21.19              1         207.82
         127.12              3         629.10
          21.19              1         301.17
         127.12              3         192.49
         444.92              6         460.91
          63.56              2         198.38
          63.56              2         482.68
         211.87              4         229.06
          21.19              1         318.04
         127.12              3         231.54
         317.80              5         142.97
         211.87              4          69.92
         593.23              7         261.88
          21.19              1         109.11
         211.87              4         227.18
         444.92              6         129.76
         211.87              4         232.79
         317.80              5         202.31
          21.19              1         234.10
          63.56              2         235.62
          63.56              2         233.14
         211.87              4         457.70
         444.92              6         416.22
         211.87              4         397.23
         444.92              6         558.51
          63.56              2         416.14
         593.23              7         182.30
         127.12              3         301.09
         127.12              3         384.85
         127.12              3         134.65
         444.92              6         240.02
         127.12              3         358.12
         762.73              8         380.98
         762.73              8         274.72
         444.92              6         267.00
         593.23              7         487.92
          21.19              1         303.19
         317.80              5         678.46
         593.23              7         441.55
         127.12              3         227.89
         211.87              4         346.39
          21.19              1         188.46
         762.73              8         119.98
         127.12              3         721.16
         444.92              6         316.62
         444.92              6         339.75
         211.87              4         265.91
           0.00              0         504.08
          63.56              2         163.01
         127.12              3         259.88
         762.73              8         535.39
         762.73              8         298.14
         762.73              8         323.01
          21.19              1         105.90
         127.12              3         224.78
         444.92              6         161.61
          21.19              1         225.49
         211.87              4         610.34
         444.92              6         301.27
         317.80              5         638.49
          21.19              1         400.15
         317.80              5         298.94
         211.87              4         330.32
         317.80              5         254.65
          63.56              2         515.67
         953.41              9         447.34
         762.73              8         351.20
         127.12              3         137.90
          21.19              1         571.78
         444.92              6         467.08
         211.87              4         408.28
         127.12              3         110.20
         444.92              6         129.51
         211.87              4         256.04
         127.12              3         195.45
         317.80              5         351.27
          21.19              1         524.29
         317.80              5         439.49
          63.56              2         405.72
         762.73              8         282.58
         211.87              4         150.32
          63.56              2         168.80
          21.19              1         279.43
         317.80              5         194.15
          63.56              2         338.02
        1165.28             10         441.56
          63.56              2         321.40
        1165.28             10         200.36
         211.87              4         219.22
         593.23              7         377.98
           0.00              0         449.87
        1165.28             10         137.60
         762.73              8         347.55
         211.87              4         370.93
          63.56              2         483.67
         317.80              5         272.30
         317.80              5         307.42
         317.80              5         366.92
          63.56              2         318.97
          63.56              2         259.69
         593.23              7         477.75
         593.23              7         158.51
          63.56              2         265.15
           0.00              0         177.41
         593.23              7         169.13
         127.12              3         205.25
         127.12              3         645.69
          63.56              2         150.19
         127.12              3         402.67
         127.12              3         296.67
         211.87              4         313.14
          63.56              2         371.83
          21.19              1         397.58
          63.56              2         110.36
          63.56              2         389.56
         127.12              3         208.43
         444.92              6         398.34
          21.19              1         411.06
         317.80              5         255.84
          63.56              2         352.89
         211.87              4         360.89
          63.56              2         204.83
         762.73              8         187.93
        1928.00             13         526.18
         127.12              3         119.19
         317.80              5         526.34
         127.12              3         412.73
         127.12              3         502.52
          63.56              2         355.95
          21.19              1         303.60
         762.73              8         209.82
         762.73              8         420.17
         317.80              5         291.09
         317.80              5         323.94
          21.19              1         136.97
         211.87              4         307.05
          21.19              1         346.63
         593.23              7         109.57
         444.92              6         679.00
         127.12              3         244.63
        1928.00             13         382.07
          63.56              2         235.97
         127.12              3         353.57
          63.56              2         490.96
         211.87              4         439.82
         593.23              7         174.60
          63.56              2         287.34
          21.19              1         374.43
         317.80              5         452.62
         593.23              7         172.28
         444.92              6         371.83
         127.12              3         332.26
         317.80              5         333.77
         317.80              5         400.72
         317.80              5         430.50
         317.80              5         274.97
         127.12              3         393.24
         317.80              5         463.59
         211.87              4         239.80
          63.56              2         220.78
         317.80              5         284.75
          63.56              2         188.93
          63.56              2         690.55
         444.92              6         268.37
         211.87              4         470.31
         317.80              5         173.58
         211.87              4         276.17
         211.87              4         174.45
         211.87              4         202.17
         211.87              4         122.02
           0.00              0         559.61
         317.80              5         633.97
         127.12              3         349.07
          63.56              2         147.89
         317.80              5         250.43
         127.12              3         607.23
         444.92              6         399.87
         953.41              9         815.03
         127.12              3         497.56
         444.92              6         427.56
         127.12              3         556.18
           0.00              0         153.56
         953.41              9         174.53
         127.12              3         512.77
          63.56              2         340.25
         762.73              8         182.25
        1398.33             11         209.26
         211.87              4         335.14
         211.87              4         232.21
          63.56              2         296.74
          63.56              2         629.18
        1165.28             10         166.09
          21.19              1         144.16
          21.19              1         424.38
          63.56              2         307.40
          63.56              2         387.57
           0.00              0         172.50
          21.19              1         358.83
         317.80              5         275.56
          21.19              1         235.63
         317.80              5         297.15
         317.80              5         371.54
         127.12              3         462.86
          63.56              2         309.70
         127.12              3         202.20
         444.92              6         265.76
         953.41              9         260.54
         317.80              5         200.22
         127.12              3         556.30
         127.12              3         346.84
          63.56              2         381.17
          63.56              2         360.41
         211.87              4         434.18
         211.87              4         559.50
         127.12              3         216.96
          21.19              1         314.24
         317.80              5         401.49
          63.56              2         280.71
          63.56              2         537.64
         762.73              8         298.51
         317.80              5         150.88
         211.87              4         460.03
         127.12              3         156.17
         127.12              3         132.98
         444.92              6         406.58
          21.19              1         438.07
         317.80              5         232.08
          63.56              2         538.70
          63.56              2         406.20
         127.12              3         492.63
          63.56              2         236.64
         127.12              3         228.55
           0.00              0         662.47
         317.80              5         190.40
        1165.28             10         280.68
          63.56              2         342.44
         211.87              4         116.04
         444.92              6         256.41
         211.87              4         172.14
         211.87              4         282.76
         127.12              3         389.86
         211.87              4         160.64
         127.12              3         435.97
         444.92              6         305.68
          63.56              2         140.99
         593.23              7         221.35
         762.73              8         292.19
         593.23              7         299.21
          63.56              2         289.86
         211.87              4         401.31
         127.12              3         354.27
          63.56              2         138.35
         211.87              4         316.45
         127.12              3         650.17
         127.12              3         426.15
         317.80              5         209.61
         444.92              6         354.86
         762.73              8         279.06
         317.80              5         174.48
          63.56              2         300.94
         953.41              9         425.18
          63.56              2         599.35
         317.80              5         335.92
         953.41              9         301.97
         211.87              4         193.14
          63.56              2         214.13
        1165.28             10         165.94
         593.23              7         391.73
         444.92              6         491.12
          63.56              2         577.96
          63.56              2         328.68
         953.41              9         404.14
         317.80              5         208.82
         762.73              8         259.15
         444.92              6         337.24
         317.80              5         448.80
         127.12              3         305.59
          63.56              2         301.21
          63.56              2         311.05
          21.19              1         225.31
         444.92              6         197.85
         127.12              3         461.67
         127.12              3         209.19
          63.56              2         123.56
         444.92              6         206.03
         127.12              3         686.50
         211.87              4         435.90
           0.00              0         385.01
         211.87              4         405.70
         127.12              3          73.23
         317.80              5         339.02
         127.12              3         395.98
         444.92              6         327.91
          63.56              2         435.01
         317.80              5         268.14
         127.12              3         708.74
         211.87              4         435.13
          21.19              1         446.00
         444.92              6         585.37
          63.56              2         644.44
         317.80              5         332.21
         211.87              4         354.43
          63.56              2         395.52
          21.19              1         445.24
          21.19              1         408.19
         127.12              3         445.10
          63.56              2         327.79
           0.00              0         205.14
         317.80              5         298.50
          63.56              2         103.30
           0.00              0         157.48
         127.12              3         294.38
         593.23              7         641.05
         211.87              4         152.72
          63.56              2         371.06
          21.19              1         180.14
          63.56              2         217.34
         127.12              3         281.62
         127.12              3         629.38
         127.12              3         344.53
         211.87              4         232.68
         444.92              6         405.66
         593.23              7         387.48
         211.87              4         185.35
          63.56              2         263.67
          21.19              1         237.31
         444.92              6         417.52
          63.56              2         433.00
          63.56              2         206.93
          21.19              1         473.69
         593.23              7         108.18
          63.56              2         439.02
         317.80              5          85.36
         127.12              3         207.18
          63.56              2         169.50
         211.87              4         335.60
         593.23              7         603.81
         593.23              7         485.34
         953.41              9         280.00
           0.00              0         369.25
         317.80              5         376.40
         211.87              4         279.32
         127.12              3         522.55
         953.41              9         307.88
         211.87              4         415.95
         317.80              5         392.20
          63.56              2         238.46
          21.19              1         412.96
         593.23              7         191.02
         953.41              9         360.83
         317.80              5         324.83
         593.23              7         116.87
         127.12              3         635.68
          63.56              2         157.11
          21.19              1         239.35
         762.73              8         372.58
          63.56              2         153.85
         211.87              4         694.91
          63.56              2         135.37
         211.87              4         208.66
         317.80              5         402.97
         127.12              3         367.75
         211.87              4         547.99
        1165.28             10         549.21
          21.19              1         566.41
        1652.57             12         445.85
        1398.33             11         516.39
         211.87              4         303.52
          21.19              1         421.29
         127.12              3         209.97
         127.12              3         290.89
         444.92              6         215.62
          21.19              1         637.53
          21.19              1         352.09
          63.56              2         225.02
          21.19              1         188.30
         953.41              9         382.66
         317.80              5         493.65
         127.12              3         580.00
          63.56              2         325.46
         593.23              7         358.66
          21.19              1         277.83
          21.19              1         233.85
         211.87              4         262.85
         211.87              4         349.98
         127.12              3         292.16
          63.56              2         343.49
         211.87              4         500.24
         127.12              3         545.75
           0.00              0         169.56
         317.80              5         454.43
          63.56              2         506.19
          63.56              2         392.40
          63.56              2         367.86
         127.12              3         424.82
         211.87              4         309.16
         317.80              5         283.05
         593.23              7         501.33
         211.87              4         263.39
          63.56              2         328.53
         127.12              3         222.57
          63.56              2         220.51
         211.87              4         267.25
         211.87              4         354.27
         762.73              8         288.57
         127.12              3         214.66
         444.92              6         171.19
         127.12              3         316.67
          21.19              1         279.25
         444.92              6         400.17
         211.87              4         345.56
         444.92              6         333.07
         317.80              5         286.84
          63.56              2         378.30
         127.12              3         198.34
         762.73              8         197.92
         317.80              5         561.59
          21.19              1         447.37
          21.19              1         228.80
           0.00              0         488.80
         127.12              3         298.68
          21.19              1         386.67
         593.23              7          96.56
         211.87              4         345.78
         444.92              6         537.72
          63.56              2         249.25
          63.56              2         307.83
         211.87              4         242.93
           0.00              0         248.58
         211.87              4         311.94
          21.19              1         144.65
         211.87              4         185.71
         127.12              3         577.44
         211.87              4         220.60
         444.92              6         289.73
         211.87              4         262.04
         211.87              4         483.81
         593.23              7         245.19
         317.80              5         245.48
          21.19              1         302.96
         593.23              7         412.68
         127.12              3         419.52
         211.87              4         306.66
          63.56              2         207.85
          63.56              2         178.35
         211.87              4         274.25
         127.12              3         423.22
         317.80              5         437.83
         444.92              6         114.49
          63.56              2         432.82
         127.12              3         301.01
          63.56              2         143.43
         317.80              5         385.16
         211.87              4         430.00
         127.12              3         528.37
         317.80              5         297.20
          21.19              1         236.92
         762.73              8         351.41
          63.56              2         462.20
         444.92              6         276.87
        1165.28             10         480.93
         444.92              6         378.92
         127.12              3         239.93
         127.12              3         179.38
          21.19              1         188.89
          63.56              2         481.38
          63.56              2         430.19
         593.23              7         189.16
         127.12              3         279.50
         444.92              6         237.59
           0.00              0         380.81
         317.80              5         735.85
         593.23              7         358.11
         211.87              4         321.55
         444.92              6         209.30
          63.56              2         213.21
         593.23              7         203.05
          63.56              2         276.51
          63.56              2         217.45
         444.92              6         312.56
         444.92              6         471.77
         211.87              4         532.45
         953.41              9         390.47
         211.87              4         553.94
         444.92              6         309.68
         127.12              3         651.14
          63.56              2         404.96
         211.87              4         372.56
         211.87              4         312.25
          21.19              1         366.18
         211.87              4         291.77
         593.23              7         419.52
         211.87              4         181.99
         593.23              7         334.06
         127.12              3         564.61
          21.19              1         502.77
          21.19              1         286.85
         953.41              9         184.78
         593.23              7         371.40
          63.56              2         432.14
         317.80              5         437.00
         444.92              6         572.84
         127.12              3         273.66
         127.12              3         374.57
         127.12              3         157.18
         317.80              5         444.82
         127.12              3         334.12
         211.87              4         179.27
         444.92              6         312.44
         444.92              6         313.46
         444.92              6         500.30
         317.80              5         250.26
         127.12              3         261.76
         317.80              5         392.34
         762.73              8         472.37
         762.73              8         711.70
          21.19              1         328.62
         593.23              7         506.63
         444.92              6         580.96
         127.12              3         290.76
          21.19              1         246.65
         317.80              5         427.76
         127.12              3         451.45
         444.92              6         366.76
          63.56              2         210.76
          63.56              2         407.81
         444.92              6         198.35
         593.23              7         581.10
          63.56              2         124.46
         317.80              5         523.02
          21.19              1         138.13
         317.80              5         424.20
         127.12              3         281.06
         317.80              5         255.38
         127.12              3         432.81
         317.80              5         212.09
         317.80              5         454.87
         127.12              3         328.81
         317.80              5         220.58
         444.92              6         241.05
         127.12              3         501.96
          63.56              2         241.70
         317.80              5         215.86
         317.80              5         220.72
         211.87              4         511.46
         127.12              3         152.64
          21.19              1         247.09
         444.92              6         309.03
         211.87              4         165.60
         211.87              4         200.38
         127.12              3         404.14
          21.19              1         353.64
          21.19              1         247.22
         127.12              3         530.69
          21.19              1         267.92
         317.80              5         367.19
          21.19              1         186.19
         953.41              9         371.29
         444.92              6         419.58
         127.12              3         175.54
         211.87              4         145.51
         762.73              8         186.59
         317.80              5         403.54
          63.56              2         397.69
          21.19              1         181.74
         317.80              5         481.14
         953.41              9         639.02
         317.80              5         316.90
         317.80              5         308.21
          63.56              2         234.98
         317.80              5         422.71
         127.12              3         217.88
         211.87              4         261.95
        1165.28             10         425.99
          21.19              1         353.69
         211.87              4         588.42
         593.23              7         353.90
         762.73              8         363.38
         444.92              6         143.40
          63.56              2         397.22
         444.92              6         357.19
         127.12              3         359.98
         593.23              7         216.51
          63.56              2         211.94
          63.56              2         457.38
         211.87              4         213.30
         444.92              6         306.75
         127.12              3         149.12
         317.80              5         705.03
        1398.33             11         280.92
         127.12              3         206.34
         211.87              4         451.44
         211.87              4         307.33
          63.56              2         281.21
        2224.62             14         456.91
          21.19              1         350.26
          63.56              2         265.87
         444.92              6         328.86
         317.80              5         457.51
         127.12              3         184.86
         762.73              8         270.80
          63.56              2         188.80
         593.23              7         204.41
         211.87              4         409.21
         762.73              8         304.08
          21.19              1         480.55
          21.19              1         350.06
         593.23              7         600.62
         444.92              6         251.43
         211.87              4         200.03
         127.12              3         300.09
         317.80              5         185.08
         127.12              3         340.70
         127.12              3         236.22
         762.73              8         209.35
         211.87              4         256.33
         317.80              5         374.01
          21.19              1         224.32
         593.23              7         296.29
         444.92              6         210.74
         444.92              6         489.17
         127.12              3         654.47
           0.00              0         404.70
           0.00              0         220.30
         317.80              5         742.81
          63.56              2         489.01
         127.12              3         392.75
         593.23              7         287.11
         211.87              4         131.72
         127.12              3         331.85
         211.87              4         374.44
         211.87              4         513.09
         317.80              5         140.21
         317.80              5         528.34
         317.80              5         489.51
          63.56              2         212.17
          63.56              2         319.41
         211.87              4         168.24
         127.12              3         450.81
         444.92              6         341.33
          63.56              2         144.66
         317.80              5         520.25
         444.92              6         548.19
         317.80              5         506.73
         211.87              4         291.37
          63.56              2         310.19
          63.56              2         611.01
         593.23              7         389.62
         211.87              4         184.74
         127.12              3         719.39
         127.12              3         443.32
          21.19              1         248.80
         317.80              5          59.34
         953.41              9         257.68
         211.87              4         231.02
         211.87              4         362.94
         762.73              8         347.23
         211.87              4         270.84
          63.56              2         260.28
         127.12              3         640.73
          63.56              2         242.26
         127.12              3         448.09
        1398.33             11         221.43
         762.73              8         446.29
         211.87              4         253.49
         127.12              3         230.73
         127.12              3         453.11
         211.87              4         447.71
         444.92              6         420.07
         127.12              3         330.40
         127.12              3         197.35
         762.73              8         150.55
          63.56              2         201.93
         211.87              4         430.24
         211.87              4         232.16
         127.12              3         458.02
         444.92              6         688.23
         762.73              8         411.13
        1928.00             13         248.31
         317.80              5         390.64
         211.87              4         486.66
         444.92              6         222.70
          21.19              1         271.14
           0.00              0         469.43
          63.56              2         533.62
         211.87              4         293.42
          63.56              2         290.37
         317.80              5         296.37
         127.12              3         275.33
          21.19              1         380.57
         762.73              8         430.04
         211.87              4         344.62
         211.87              4         261.57
         444.92              6         219.32
          63.56              2         288.60
         444.92              6         385.02
         444.92              6         388.56
         127.12              3         331.45
         593.23              7         217.89
          63.56              2         289.43
          63.56              2         346.47
         317.80              5         479.08
         127.12              3         213.03
        2224.62             14         311.76
        1165.28             10         209.87
         953.41              9         472.19
         317.80              5         751.78
         211.87              4         259.85
         211.87              4         161.56
         127.12              3         320.03
         317.80              5         178.94
         127.12              3         568.64
         211.87              4         176.69
         444.92              6         143.18
         211.87              4         317.96
         317.80              5         168.72
         317.80              5         493.80
         127.12              3         524.88
         127.12              3         433.87
          63.56              2         465.49
         127.12              3         501.79
          63.56              2         457.40
         953.41              9         214.37
         211.87              4         447.64
          21.19              1         203.20
          63.56              2         506.72
           0.00              0         188.39
         593.23              7         352.37
          63.56              2         495.15
         444.92              6         189.11
          21.19              1         210.16
         317.80              5         149.66
         127.12              3         377.64
          21.19              1         159.02
         317.80              5         285.05
         444.92              6         333.45
         211.87              4         234.63
          63.56              2         286.64
         953.41              9         339.34
         127.12              3         271.19
         593.23              7         151.19
          63.56              2         230.32
          63.56              2         145.44
         593.23              7         129.27
         211.87              4         217.07
         211.87              4         233.80
         317.80              5         359.06
         127.12              3         264.08
          63.56              2         539.69
         127.12              3         214.07
         317.80              5         253.26
         211.87              4         372.95
         127.12              3         476.14
          63.56              2         260.93
         317.80              5         316.61
          63.56              2         376.36
         444.92              6         197.11
         211.87              4         416.99
         593.23              7         193.86
         593.23              7         279.73
         317.80              5         333.86
         444.92              6         158.95
         762.73              8         225.73
         211.87              4         267.70
         317.80              5         211.73
         127.12              3         335.84
         317.80              5         392.82
         211.87              4         346.42
         127.12              3         233.52
         444.92              6         237.05
          63.56              2         542.90
         317.80              5         512.05
          63.56              2         521.62
         953.41              9         251.09
         444.92              6         263.85
         762.73              8         109.95
           0.00              0         394.99
         317.80              5         305.96
          63.56              2         342.22
          21.19              1         170.49
         317.80              5         496.71
         317.80              5         547.01
         762.73              8         141.95
         211.87              4         379.56
           0.00              0         224.35
         762.73              8         113.89
         762.73              8         443.07
         127.12              3         185.58
          63.56              2         429.29
         762.73              8         261.72
         211.87              4         100.94
         211.87              4         210.14
         762.73              8         402.02
         211.87              4         212.44
          63.56              2         207.85
         127.12              3         270.95
         593.23              7         453.08
         127.12              3         249.23
          21.19              1         409.38
         444.92              6         653.44
          21.19              1         321.95
         762.73              8         384.09
         593.23              7         198.75
          21.19              1         190.20
         127.12              3         392.84
        1398.33             11         211.62
         211.87              4         227.18
          63.56              2         123.65
         211.87              4         496.40
         317.80              5         252.58
          21.19              1         283.20
         593.23              7         363.92
         127.12              3         228.30
         127.12              3         436.78
           0.00              0         387.38
         317.80              5         154.69
          21.19              1         178.00
         762.73              8         199.29
         211.87              4         230.26
         593.23              7         357.84
         444.92              6         406.08
         762.73              8         343.36
         444.92              6         335.23
         127.12              3         150.28
         317.80              5         160.48
         211.87              4         152.14
         444.92              6         458.21
         444.92              6         252.61
        1165.28             10         425.90
          63.56              2         411.98
         127.12              3         245.83
         317.80              5         290.86
         317.80              5         168.74
         317.80              5         500.39
         127.12              3         218.92
         317.80              5         165.08
         211.87              4         265.89
          63.56              2         309.99
          21.19              1         270.95
         444.92              6         593.65
         444.92              6         205.35
        1652.57             12         488.14
         317.80              5         783.80
         317.80              5         253.41
         953.41              9         346.83
         317.80              5         193.30
         317.80              5         412.46
         127.12              3         251.67
         444.92              6         157.84
         762.73              8         193.22
          21.19              1         337.07
         211.87              4         315.61
          63.56              2         236.67
         444.92              6         165.30
          21.19              1         218.85
         211.87              4         438.23
         127.12              3         103.75
         211.87              4         237.69
         444.92              6         379.17
         317.80              5         329.64
         211.87              4         541.84
         317.80              5         170.88
         211.87              4         272.02
         317.80              5         417.07
         444.92              6         201.78
         127.12              3         399.38
         593.23              7         242.63
         317.80              5         198.23
          63.56              2         269.54
          63.56              2         179.54
          21.19              1         319.33
         444.92              6         217.79
          63.56              2         327.78
         593.23              7         265.20
         444.92              6         173.81
         127.12              3         230.26
         444.92              6         219.52
          21.19              1         241.77
        2224.62             14         377.71
         211.87              4         325.36
         593.23              7         231.61
          63.56              2         433.42
         211.87              4         321.16
         762.73              8         717.80
         762.73              8         181.45
         444.92              6         420.31
         127.12              3         225.16
         211.87              4         442.69
          63.56              2         383.82
          21.19              1         345.60
         317.80              5         213.13
         211.87              4         424.38
          63.56              2         471.59
         211.87              4         456.61
         127.12              3         282.66
          21.19              1         260.70
         593.23              7         276.45
         444.92              6         340.68
         444.92              6         357.11
         317.80              5         410.55
         127.12              3         325.57
         444.92              6         188.85
         317.80              5         424.04
         317.80              5         250.73
         211.87              4         103.03
          63.56              2         392.97
         127.12              3         290.00
         444.92              6         728.41
         211.87              4         109.86
         444.92              6         193.69
         211.87              4         544.55
         762.73              8         315.15
         593.23              7         525.21
         317.80              5         426.91
         593.23              7         168.28
         317.80              5         331.96
          63.56              2         315.12
        1398.33             11         378.56
        1165.28             10         190.39
         127.12              3         447.47
         127.12              3         757.00
         127.12              3         264.46
         953.41              9         230.24
          63.56              2         690.58
         127.12              3         403.47
         211.87              4         180.22
         211.87              4         162.91
         211.87              4         194.99
         317.80              5         245.68
         127.12              3         242.80
         211.87              4         305.71
