11

 H    5.42892700000000       -9.32112200000000        2.01533600000000     
 H    6.90091100000000       -9.21743900000000        1.46160700000000     
 H   -2.12668400000000        3.28452200000000      -0.911380000000000     
 H  -0.569982000000000       0.975616000000000       -2.41013900000000     
 H   -2.04105100000000      -0.614591000000000       -1.69593300000000     
 H   -3.13264900000000       0.293889000000000       -1.14681200000000     
 O    6.44452500000000       -9.37866300000000        2.30222600000000     
 O   0.198474000000000        2.42830500000000       -1.97415900000000     
 O   -2.05939900000000       0.232724000000000       -1.27122400000000     
 H   -2.65491000000000        3.83604300000000        2.06557800000000     
 Cl  -2.14792400000000        3.38295200000000       0.449387000000000 
