  0.000000000000000E+000   377.971954254750     
   1.00000000000000        377.855512256133     
   2.00000000000000        377.506328067081     
   3.00000000000000        376.924842303223     
   4.00000000000000        376.111782783521     
   5.00000000000000        375.068169756414     
   6.00000000000000        373.795312467977     
   7.00000000000000        372.294803194637     
   8.00000000000000        370.568531741685     
   9.00000000000000        368.618648686024     
   10.0000000000000        366.447611700426     
   11.0000000000000        364.058129880158     
   12.0000000000000        361.453201226838     
   13.0000000000000        358.636085756636     
   14.0000000000000        355.610316718014     
   15.0000000000000        352.379675774950     
   16.0000000000000        348.948203639989     
   17.0000000000000        345.320197739912     
   18.0000000000000        341.500187021987     
   19.0000000000000        337.492956213453     
   20.0000000000000        333.303501168320     
   21.0000000000000        328.937056918790     
   22.0000000000000        324.399072424664     
   23.0000000000000        319.695207421910     
   24.0000000000000        314.831331208236     
   25.0000000000000        309.813502221180     
   26.0000000000000        304.647962184709     
   27.0000000000000        299.341144620938     
   28.0000000000000        293.899654555466     
   29.0000000000000        288.330246280519     
   30.0000000000000        282.639835874511     
   31.0000000000000        276.835483896731     
   32.0000000000000        270.924391330682     
   33.0000000000000        264.913877865128     
   34.0000000000000        258.811390903599     
   35.0000000000000        252.624464695512     
   36.0000000000000        246.360745309708     
   37.0000000000000        240.027972051438     
   38.0000000000000        233.633946721184     
   39.0000000000000        227.186548690272     
   40.0000000000000        220.693705729098     
   41.0000000000000        214.163406012549     
   42.0000000000000        207.603662119553     
   43.0000000000000        201.022521727734     
   44.0000000000000        194.428044499353     
   45.0000000000000        187.828297198996     
   46.0000000000000        181.231346144326     
   47.0000000000000        174.645244241607     
   48.0000000000000        168.078009695001     
   49.0000000000000        161.537646699214     
   50.0000000000000        155.032100332026     
   51.0000000000000        148.569273033653     
   52.0000000000000        142.156988496107     
   53.0000000000000        135.803024503172     
   54.0000000000000        129.515049513784     
   55.0000000000000        123.300658220059     
   56.0000000000000        117.167352190252     
   57.0000000000000        111.122501335264     
   58.0000000000000        105.173379443878     
   59.0000000000000        99.3271278863240     
   60.0000000000000        93.5907474139024     
   61.0000000000000        87.9711104837470     
   62.0000000000000        82.4749373030173     
   63.0000000000000        77.1087738327249     
   64.0000000000000        71.8790306224798     
   65.0000000000000        66.7919263168710     
   66.0000000000000        61.8535052880595     
   67.0000000000000        57.0696280842757     
   68.0000000000000        52.4459719392263     
   69.0000000000000        47.9880013620118     
   70.0000000000000        43.7009982417541     
   71.0000000000000        39.5900162584343     
   72.0000000000000        35.6599108250933     
   73.0000000000000        31.9153012382864     
   74.0000000000000        28.3606022643942     
   75.0000000000000        24.9999924967331     
   76.0000000000000        21.8374134796125     
   77.0000000000000        18.8765780622830     
   78.0000000000000        16.1209583179866     
   79.0000000000000        13.5737749898649     
   80.0000000000000        11.2380177343234     
   81.0000000000000        9.11640329425222     
   82.0000000000000        7.21141774197395     
   83.0000000000000        5.52529308775411     
   84.0000000000000        4.05998602799195     
   85.0000000000000        2.81721046636471     
   86.0000000000000        1.79841205907564     
   87.0000000000000        1.00478085569853     
   88.0000000000000       0.437236338585990     
   89.0000000000000       9.644685433772793E-002
   90.0000000000000      -1.719295929933651E-002
   91.0000000000000       9.644785099158071E-002
   92.0000000000000       0.437237534461019     
   93.0000000000000        1.00478145175384     
   94.0000000000000        1.79841125884059     
   95.0000000000000        2.81721226008585     
   96.0000000000000        4.05998702453621     
   97.0000000000000        5.52529388468747     
   98.0000000000000        7.21141694383437     
   99.0000000000000        9.11640050070946     
   100.000000000000        11.2380173350405     
   101.000000000000        13.5737751912789     
   102.000000000000        16.1209577198235     
   103.000000000000        18.8765784607740     
   104.000000000000        21.8374126793653     
   105.000000000000        24.9999926939197     
   106.000000000000        28.3606002680406     
   107.000000000000        31.9153010393699     
   108.000000000000        35.6599116250480     
   109.000000000000        39.5900146653961     
   110.000000000000        43.7009974474036     
   111.000000000000        47.9880031620197     
   112.000000000000        52.4459707443746     
   113.000000000000        57.0696288845838     
   114.000000000000        61.8535062854811     
   115.000000000000        66.7919263169197     
   116.000000000000        71.8790308211040     
   117.000000000000        77.1087740327257     
   118.000000000000        82.4749355072857     
   119.000000000000        87.9711100841960     
   120.000000000000        93.5907480117120     
   121.000000000000        99.3271296840048     
   122.000000000000        105.173380441531     
   123.000000000000        111.122501336117     
   124.000000000000        117.167350196505     
   125.000000000000        123.300657423077     
   126.000000000000        129.515048515047     
   127.000000000000        135.803023904680     
   128.000000000000        142.156987496395     
   129.000000000000        148.569272632640     
   130.000000000000        155.032100131002     
   131.000000000000        161.537646501857     
   132.000000000000        168.078007499036     
   133.000000000000        174.645243644626     
   134.000000000000        181.231345547345     
   135.000000000000        187.828295999953     
   136.000000000000        194.428044499402     
   137.000000000000        201.022522327067     
   138.000000000000        207.603662117750     
   139.000000000000        214.163406609956     
   140.000000000000        220.693705131764     
   141.000000000000        227.186548093255     
   142.000000000000        233.633947321138     
   143.000000000000        240.027970854503     
   144.000000000000        246.360744911887     
   145.000000000000        252.624464895038     
   146.000000000000        258.811392899709     
   147.000000000000        264.913878664510     
   148.000000000000        270.924392730152     
   149.000000000000        276.835483696146     
   150.000000000000        282.639835074216     
   151.000000000000        288.330247079986     
   152.000000000000        293.899653957023     
   153.000000000000        299.341145818689     
   154.000000000000        304.647963581998     
   155.000000000000        309.813504416889     
   156.000000000000        314.831330607210     
   157.000000000000        319.695207618402     
   158.000000000000        324.399073817981     
   159.000000000000        328.937054920256     
   160.000000000000        333.303500568074     
   161.000000000000        337.492957606832     
   162.000000000000        341.500186421448     
   163.000000000000        345.320198536833     
   164.000000000000        348.948204039979     
   165.000000000000        352.379675176763     
   166.000000000000        355.610316118791     
   167.000000000000        358.636086555470     
   168.000000000000        361.453201226947     
   169.000000000000        364.058127483132     
   170.000000000000        366.447611899026     
   171.000000000000        368.618649283103     
   172.000000000000        370.568530940841     
   173.000000000000        372.294803993094     
   174.000000000000        373.795311468022     
   175.000000000000        375.068169357301     
   176.000000000000        376.111782585653     
   177.000000000000        376.924843700878     
   178.000000000000        377.506326072238     
   179.000000000000        377.855510861293     
   180.000000000000        377.971955053182     
   181.000000000000        377.855511061294     
   182.000000000000        377.506327867080     
   183.000000000000        376.924842901703     
   184.000000000000        376.111781585453     
   185.000000000000        375.068169557826     
   186.000000000000        373.795311869059     
   187.000000000000        372.294803593859     
   188.000000000000        370.568530743277     
   189.000000000000        368.618647489089     
   190.000000000000        366.447611102336     
   191.000000000000        364.058127684680     
   192.000000000000        361.453200827713     
   193.000000000000        358.636085357377     
   194.000000000000        355.610316318402     
   195.000000000000        352.379676972324     
   196.000000000000        348.948203440463     
   197.000000000000        345.320198137623     
   198.000000000000        341.500187221988     
   199.000000000000        337.492957011276     
   200.000000000000        333.303500768720     
   201.000000000000        328.937055322292     
   202.000000000000        324.399073423121     
   203.000000000000        319.695207620741     
   204.000000000000        314.831332205255     
   205.000000000000        309.813502820342     
   206.000000000000        304.647961583281     
   207.000000000000        299.341143623224     
   208.000000000000        293.899655352740     
   209.000000000000        288.330245282074     
   210.000000000000        282.639833678413     
   211.000000000000        276.835483896719     
   212.000000000000        270.924392526923     
   213.000000000000        264.913877865042     
   214.000000000000        258.811390704670     
   215.000000000000        252.624465294881     
   216.000000000000        246.360744313054     
   217.000000000000        240.027971453007     
   218.000000000000        233.633946721184     
   219.000000000000        227.186548889883     
   220.000000000000        220.693706327517     
   221.000000000000        214.163405212984     
   222.000000000000        207.603662717692     
   223.000000000000        201.022521727856     
   224.000000000000        194.428044299511     
   225.000000000000        187.828297796014     
   226.000000000000        181.231345945397     
   227.000000000000        174.645243443163     
   228.000000000000        168.078009493234     
   229.000000000000        161.537647098448     
   230.000000000000        155.032099731768     
   231.000000000000        148.569272433699     
   232.000000000000        142.156986697951     
   233.000000000000        135.803021306801     
   234.000000000000        129.515048713525     
   235.000000000000        123.300659615533     
   236.000000000000        117.167351790737     
   237.000000000000        111.122503330765     
   238.000000000000        105.173379244255     
   239.000000000000        99.3271278874205     
   240.000000000000        93.5907482098610     
   241.000000000000        87.9711098845363     
   242.000000000000        82.4749371034185     
   243.000000000000        77.1087750311829     
   244.000000000000        71.8790308222249     
   245.000000000000        66.7919263182721     
   246.000000000000        61.8535050865114     
   247.000000000000        57.0696280846656     
   248.000000000000        52.4459723381073     
   249.000000000000        47.9880029589486     
   250.000000000000        43.7009984450688     
   251.000000000000        39.5900162583856     
   252.000000000000        35.6599106262133     
   253.000000000000        31.9153028344314     
   254.000000000000        28.3606020644422     
   255.000000000000        24.9999918968767     
   256.000000000000        21.8374138769218     
   257.000000000000        18.8765778619411     
   258.000000000000        16.1209577177890     
   259.000000000000        13.5737747896203     
   260.000000000000        11.2380177343114     
   261.000000000000        9.11640329318016     
   262.000000000000        7.21141814007501     
   263.000000000000        5.52529268892204     
   264.000000000000        4.05998602828436     
   265.000000000000        2.81721046675443     
   266.000000000000        1.79841086176270     
   267.000000000000        1.00478085467512     
   268.000000000000       0.437238933492608     
   269.000000000000       9.644665472660563E-002
   270.000000000000      -1.719415735510665E-002
   271.000000000000       9.644705253549546E-002
   272.000000000000       0.437239131726756     
   273.000000000000        1.00478125327595     
   274.000000000000        1.79841125767098     
   275.000000000000        2.81721146301857     
   276.000000000000        4.05998702273314     
   277.000000000000        5.52529228896901     
   278.000000000000        7.21141874183195     
   279.000000000000        9.11640149915434     
   280.000000000000        11.2380171357220     
   281.000000000000        13.5737751912789     
   282.000000000000        16.1209587178787     
   283.000000000000        18.8765776642306     
   284.000000000000        21.8374132788686     
   285.000000000000        24.9999924949786     
   286.000000000000        28.3606018652210     
   287.000000000000        31.9153032350788     
   288.000000000000        35.6599108265066     
   289.000000000000        39.5900168607274     
   290.000000000000        43.7009980458467     
   291.000000000000        47.9880025635887     
   292.000000000000        52.4459699469539     
   293.000000000000        57.0696290845725     
   294.000000000000        61.8535050878149     
   295.000000000000        66.7919259184165     
   296.000000000000        71.8790298226592     
   297.000000000000        77.1087740332131     
   298.000000000000        82.4749357068602     
   299.000000000000        87.9711098852916     
   300.000000000000        93.5907492097314     
   301.000000000000        99.3271274878938     
   302.000000000000        105.173379642441     
   303.000000000000        111.122501736752     
   304.000000000000        117.167351194511     
   305.000000000000        123.300657023161     
   306.000000000000        129.515049513102     
   307.000000000000        135.803023305835     
   308.000000000000        142.156988296642     
   309.000000000000        148.569272234490     
   310.000000000000        155.032100131306     
   311.000000000000        161.537646901030     
   312.000000000000        168.078009895002     
   313.000000000000        174.645242646912     
   314.000000000000        181.231344548474     
   315.000000000000        187.828296199174     
   316.000000000000        194.428043701994     
   317.000000000000        201.022522326969     
   318.000000000000        207.603662518081     
   319.000000000000        214.163405413716     
   320.000000000000        220.693705530109     
   321.000000000000        227.186548292866     
   322.000000000000        233.633947322210     
   323.000000000000        240.027970655976     
   324.000000000000        246.360744911936     
   325.000000000000        252.624464896061     
   326.000000000000        258.811391301700     
   327.000000000000        264.913878263972     
   328.000000000000        270.924392530139     
   329.000000000000        276.835483098665     
   330.000000000000        282.639835674900     
   331.000000000000        288.330245483013     
   332.000000000000        293.899654955078     
   333.000000000000        299.341143423601     
   334.000000000000        304.647962382127     
   335.000000000000        309.813503818007     
   336.000000000000        314.831331405666     
   337.000000000000        319.695208814935     
   338.000000000000        324.399073818395     
   339.000000000000        328.937055119903     
   340.000000000000        333.303500568074     
   341.000000000000        337.492957408378     
   342.000000000000        341.500187019501     
   343.000000000000        345.320198735384     
   344.000000000000        348.948203041936     
   345.000000000000        352.379673779181     
   346.000000000000        355.610317316847     
   347.000000000000        358.636085555855     
   348.000000000000        361.453202222797     
   349.000000000000        364.058127082326     
   350.000000000000        366.447611499791     
   351.000000000000        368.618649880474     
   352.000000000000        370.568529744162     
   353.000000000000        372.294803991973     
   354.000000000000        373.795311668766     
   355.000000000000        375.068169957548     
   356.000000000000        376.111780988765     
   357.000000000000        376.924842105415     
   358.000000000000        377.506327670990     
   359.000000000000        377.855510261692     
   360.000000000000        377.971954254750     
