  0.000000000000000E+000   332.802044557073     
  0.500000000000000        328.326582376881     
   1.00000000000000        328.193288635152     
   1.50000000000000        328.155824446052     
   2.00000000000000        327.937056667840     
   2.50000000000000        327.814516631116     
   3.00000000000000        327.510364400598     
   3.50000000000000        327.303080314833     
   4.00000000000000        326.913732839749     
   4.50000000000000        326.622169569105     
   5.00000000000000        326.143098186948     
   5.50000000000000        325.759753857959     
   6.00000000000000        325.173379867579     
   6.50000000000000        324.705640823514     
   7.00000000000000        324.030205819919     
   7.50000000000000        323.475532475904     
   8.00000000000000        322.715000369950     
   8.50000000000000        322.074075213241     
   9.00000000000000        321.229400176676     
   9.50000000000000        320.503021675485     
   10.0000000000000        319.575252585952     
   10.5000000000000        318.764320868076     
   11.0000000000000        317.754616355080     
   11.5000000000000        316.860139669635     
   12.0000000000000        315.769758099266     
   12.5000000000000        314.792845283309     
   13.0000000000000        313.623138510384     
   13.5000000000000        312.565004955085     
   14.0000000000000        311.317431950802     
   14.5000000000000        310.179389471340     
   15.0000000000000        308.855509956815     
   15.5000000000000        307.638961664860     
   16.0000000000000        306.240418433518     
   16.5000000000000        304.946880450495     
   17.0000000000000        303.475417572325     
   17.5000000000000        302.106489869783     
   18.0000000000000        300.563935917643     
   18.5000000000000        299.121308790323     
   19.0000000000000        297.509591024213     
   19.5000000000000        295.995054526457     
   20.0000000000000        294.316171178411     
   20.5000000000000        292.730624816993     
   21.0000000000000        290.987640289996     
   21.5000000000000        289.273537015229     
   22.0000000000000        287.477803606029     
   22.5000000000000        285.613209379638     
   23.0000000000000        283.754453846332     
   23.5000000000000        281.823588840754     
   24.0000000000000        279.904226295631     
   24.5000000000000        277.909376171416     
   25.0000000000000        275.931886790111     
   25.5000000000000        273.875418603598     
   26.0000000000000        271.842361645951     
   26.5000000000000        269.726714965847     
   27.0000000000000        267.640717225010     
   27.5000000000000        265.468406710801     
   28.0000000000000        263.332157080455     
   28.5000000000000        261.105756826035     
   29.0000000000000        258.922004560288     
   29.5000000000000        256.644167291710     
   30.0000000000000        254.406862417132     
   30.5000000000000        252.089149684859     
   31.0000000000000        249.795209749060     
   31.5000000000000        247.292696033530     
   32.0000000000000        244.936899963496     
   32.5000000000000        242.386863306889     
   33.0000000000000        239.977935318505     
   33.5000000000000        237.401946650425     
   34.0000000000000        234.942756432513     
   34.5000000000000        232.344091362071     
   35.0000000000000        229.837584529324     
   35.5000000000000        227.219533631682     
   36.0000000000000        224.668705632355     
   36.5000000000000        222.034584443358     
   37.0000000000000        219.442481872887     
   37.5000000000000        216.795622682817     
   38.0000000000000        214.165344071513     
   38.5000000000000        211.509098335320     
   39.0000000000000        208.804639671636     
   39.5000000000000        206.042833294933     
   40.0000000000000        203.250537901283     
   40.5000000000000        200.474956285727     
   41.0000000000000        197.664051081686     
   41.5000000000000        194.878142493093     
   42.0000000000000        192.052024296212     
   42.5000000000000        189.253326773830     
   43.0000000000000        186.421340375883     
   43.5000000000000        183.601520573584     
   44.0000000000000        180.778886367346     
   44.5000000000000        177.941393582747     
   45.0000000000000        175.131558457907     
   45.5000000000000        172.279854401997     
   46.0000000000000        169.486258621385     
   46.5000000000000        166.623818641642     
   47.0000000000000        163.680390942644     
   47.5000000000000        160.789267197812     
   48.0000000000000        157.843784941306     
   48.5000000000000        154.948902340503     
   49.0000000000000        152.030768756698     
   49.5000000000000        149.135758348060     
   50.0000000000000        146.248417487328     
   50.5000000000000        143.356896128907     
   51.0000000000000        140.503749632881     
   51.5000000000000        137.619330664341     
   52.0000000000000        134.803728572139     
   52.5000000000000        131.930014668306     
   53.0000000000000        129.155266453734     
   53.5000000000000        126.295841852768     
   54.0000000000000        123.560486038135     
   54.5000000000000        120.720851468083     
   55.0000000000000        117.856674688663     
   55.5000000000000        115.016235667923     
   56.0000000000000        112.176228869025     
   56.5000000000000        109.389757582221     
   57.0000000000000        106.577543166306     
   57.5000000000000        103.848184938692     
   58.0000000000000        101.067351487749     
   58.5000000000000        98.3981926173711     
   59.0000000000000        95.6522681762323     
   59.5000000000000        93.0412354261143     
   60.0000000000000        90.3388067789439     
   60.5000000000000        87.7841050230194     
   61.0000000000000        85.1333192969058     
   61.5000000000000        82.6380390858346     
   62.0000000000000        80.0420478206552     
   62.5000000000000        77.6091800970449     
   63.0000000000000        75.0710693904672     
   63.5000000000000        72.6250282568209     
   64.0000000000000        70.1041803256756     
   64.5000000000000        67.6733662753732     
   65.0000000000000        65.2097850472582     
   65.5000000000000        62.8592789321426     
   66.0000000000000        60.4583825634450     
   66.5000000000000        58.1787313771220     
   67.0000000000000        55.8556157690004     
   67.5000000000000        53.6496567031223     
   68.0000000000000        51.4069521708328     
   68.5000000000000        49.2774321167039     
   69.0000000000000        47.1176576026941     
   69.5000000000000        45.0672238661545     
   70.0000000000000        42.9928045771164     
   70.5000000000000        41.0240214084514     
   71.0000000000000        39.0372732992085     
   71.5000000000000        37.1525988637833     
   72.0000000000000        35.2557413744562     
   72.5000000000000        33.4575260979692     
   73.0000000000000        31.6526601450345     
   73.5000000000000        29.9431616284953     
   74.0000000000000        28.2322795518438     
   74.5000000000000        26.6136387790101     
   75.0000000000000        24.9986187197975     
   75.5000000000000        23.4170774156313     
   76.0000000000000        21.9252765413099     
   76.5000000000000        20.3549241956189     
   77.0000000000000        18.9714954302802     
   77.5000000000000        17.4962751899287     
   78.0000000000000        16.2224311804557     
   78.5000000000000        14.8444859601308     
   79.0000000000000        13.6813080099570     
   79.5000000000000        12.4026537863005     
   80.0000000000000        11.3510970127177     
   80.5000000000000        10.1736463034985     
   81.0000000000000        9.23452758476565     
   81.5000000000000        8.16005409196255     
   82.0000000000000        7.33407003284477     
   82.5000000000000        6.36423539494490     
   83.0000000000000        5.65187739010167     
   83.5000000000000        4.78828961461221     
   84.0000000000000        4.18744566508058     
   84.5000000000000        3.43405028212907     
   85.0000000000000        2.94540718901275     
   85.5000000000000        2.30309911037572     
   86.0000000000000        1.92721589870553     
   86.5000000000000        1.39675122426815     
   87.0000000000000        1.13405951564010     
   87.5000000000000       0.716067675981199     
   88.0000000000000       0.566856306568855     
   88.5000000000000       0.261832059892149     
   89.0000000000000       0.226272493204432     
   89.5000000000000       3.458190214352658E-002
   90.0000000000000       0.112698645878233     
   90.5000000000000       3.458250097656605E-002
   91.0000000000000       0.226271895431338     
   91.5000000000000       0.261831659208128     
   92.0000000000000       0.566857502858222     
   92.5000000000000       0.716066875344154     
   93.0000000000000        1.13405971802891     
   93.5000000000000        1.39675102611913     
   94.0000000000000        1.92721749954102     
   94.5000000000000        2.30310010872318     
   95.0000000000000        2.94540699217953     
   95.5000000000000        3.43405048071668     
   96.0000000000000        4.18744526587073     
   96.5000000000000        4.78828901537712     
   97.0000000000000        5.65187718859006     
   97.5000000000000        6.36423559275279     
   98.0000000000000        7.33406963430501     
   98.5000000000000        8.16005369405632     
   99.0000000000000        9.23452778437666     
   99.5000000000000        10.1736453041277     
   100.000000000000        11.3510976112584     
   100.500000000000        12.4026537879574     
   101.000000000000        13.6813062156387     
   101.500000000000        14.8444851603709     
   102.000000000000        16.2224309785908     
   102.500000000000        17.4962757865687     
   103.000000000000        18.9714954301705     
   103.500000000000        20.3549245948409     
   104.000000000000        21.9252777410227     
   104.500000000000        23.4170770162631     
   105.000000000000        24.9986205155535     
   105.500000000000        26.6136391746258     
   106.000000000000        28.2322781549565     
   106.500000000000        29.9431612292733     
   107.000000000000        31.6526605452677     
   107.500000000000        33.4575260979570     
   108.000000000000        35.2557413743588     
   108.500000000000        37.1525982655838     
   109.000000000000        39.0372740965439     
   109.500000000000        41.0240218103416     
   110.000000000000        42.9928053755605     
   110.500000000000        45.0672236659953     
   111.000000000000        47.1176564043945     
   111.500000000000        49.2774313193929     
   112.000000000000        51.4069501726272     
   112.500000000000        53.6496563028281     
   113.000000000000        55.8556163663227     
   113.500000000000        58.1787327740092     
   114.000000000000        60.4583821616888     
   114.500000000000        62.8592789311192     
   115.000000000000        65.2097852421908     
   115.500000000000        67.6733678710064     
   116.000000000000        70.1041819201757     
   116.500000000000        72.6250288545453     
   117.000000000000        75.0710683946051     
   117.500000000000        77.6091785008878     
   118.000000000000        80.0420474227490     
   118.500000000000        82.6380410808726     
   119.000000000000        85.1333194994774     
   119.500000000000        87.7841058204766     
   120.000000000000        90.3388061798062     
   120.500000000000        93.0412350243582     
   121.000000000000        95.6522691742995     
   121.500000000000        98.3981942132358     
   122.000000000000        101.067351886971     
   122.500000000000        103.848186135676     
   123.000000000000        106.577544763292     
   123.500000000000        109.389757581539     
   124.000000000000        112.176229668237     
   124.500000000000        115.016236264599     
   125.000000000000        117.856673691790     
   125.500000000000        120.720851466633     
   126.000000000000        123.560486236333     
   126.500000000000        126.295843047888     
   127.000000000000        129.155266852578     
   127.500000000000        131.930015267140     
   128.000000000000        134.803728773943     
   128.500000000000        137.619329865995     
   129.000000000000        140.503751029135     
   129.500000000000        143.356895727894     
   130.000000000000        146.248417286303     
   130.500000000000        149.135758147767     
   131.000000000000        152.030768756698     
   131.500000000000        154.948901741768     
   132.000000000000        157.843785140198     
   132.500000000000        160.789266797554     
   133.000000000000        163.680390540242     
   133.500000000000        166.623818643104     
   134.000000000000        169.486259418757     
   134.500000000000        172.279855800042     
   135.000000000000        175.131559052402     
   135.500000000000        177.941394581205     
   136.000000000000        180.778887558665     
   136.500000000000        183.601520773195     
   137.000000000000        186.421337778065     
   137.500000000000        189.253325973924     
   138.000000000000        192.052024295091     
   138.500000000000        194.878142890853     
   139.000000000000        197.664052079108     
   139.500000000000        200.474955887675     
   140.000000000000        203.250537702061     
   140.500000000000        206.042834492648     
   141.000000000000        208.804639072450     
   141.500000000000        211.509098134673     
   142.000000000000        214.165344473282     
   142.500000000000        216.795621684762     
   143.000000000000        219.442482072534     
   143.500000000000        222.034586037078     
   144.000000000000        224.668706031906     
   144.500000000000        227.219533428367     
   145.000000000000        229.837585328499     
   145.500000000000        232.344090761971     
   146.000000000000        234.942756432465     
   146.500000000000        237.401948844343     
   147.000000000000        239.977935120405     
   147.500000000000        242.386862308237     
   148.000000000000        244.936899964909     
   148.500000000000        247.292695234124     
   149.000000000000        249.795210150244     
   149.500000000000        252.089149883934     
   150.000000000000        254.406862018446     
   150.500000000000        256.644165294333     
   151.000000000000        258.922004559800     
   151.500000000000        261.105757425112     
   152.000000000000        263.332155881948     
   152.500000000000        265.468406709680     
   153.000000000000        267.640718820594     
   153.500000000000        269.726714565407     
   154.000000000000        271.842360249027     
   154.500000000000        273.875419001358     
   155.000000000000        275.931886790489     
   155.500000000000        277.909376770066     
   156.000000000000        279.904225898163     
   156.500000000000        281.823588841546     
   157.000000000000        283.754455842625     
   157.500000000000        285.613210777512     
   158.000000000000        287.477805404879     
   158.500000000000        289.273538812326     
   159.000000000000        290.987640688877     
   159.500000000000        292.730623021372     
   160.000000000000        294.316170778690     
   160.500000000000        295.995055325766     
   161.000000000000        297.509591027332     
   161.500000000000        299.121309787793     
   162.000000000000        300.563935519432     
   162.500000000000        302.106487875585     
   163.000000000000        303.475415578213     
   163.500000000000        304.946880053283     
   164.000000000000        306.240418434298     
   164.500000000000        307.638961464567     
   165.000000000000        308.855509955012     
   165.500000000000        310.179389671097     
   166.000000000000        311.317431351287     
   166.500000000000        312.565004353292     
   167.000000000000        313.623138111320     
   167.500000000000        314.792843683388     
   168.000000000000        315.769758099278     
   168.500000000000        316.860142465127     
   169.000000000000        317.754617552929     
   169.500000000000        318.764320868612     
   170.000000000000        319.575253184919     
   170.500000000000        320.503023273847     
   171.000000000000        321.229400377152     
   171.500000000000        322.074076409933     
   172.000000000000        322.714999969802     
   172.500000000000        323.475533677127     
   173.000000000000        324.030206417156     
   173.500000000000        324.705640226581     
   174.000000000000        325.173379466956     
   174.500000000000        325.759754655526     
   175.000000000000        326.143097388443     
   175.500000000000        326.622169568557     
   176.000000000000        326.913733038239     
   176.500000000000        327.303080714384     
   177.000000000000        327.510364798030     
   177.500000000000        327.814516232052     
   178.000000000000        327.937056865843     
   178.500000000000        328.155823647279     
   179.000000000000        328.193288836895     
   179.500000000000        328.326582176990     
   180.000000000000        328.278734001797     
   180.500000000000        328.326581179264     
   181.000000000000        328.193287238399     
   181.500000000000        328.155824846151     
   182.000000000000        327.937057068329     
   182.500000000000        327.814516431310     
   183.000000000000        327.510364600612     
   183.500000000000        327.303081314009     
   184.000000000000        326.913732040878     
   184.500000000000        326.622168371586     
   185.000000000000        326.143096389767     
   185.500000000000        325.759754656403     
   186.000000000000        325.173379269087     
   186.500000000000        324.705640225022     
   187.000000000000        324.030207416418     
   187.500000000000        323.475533074737     
   188.000000000000        322.715001367469     
   188.500000000000        322.074076411114     
   189.000000000000        321.229400775850     
   189.500000000000        320.503021675351     
   190.000000000000        319.575252984041     
   190.500000000000        318.764320668124     
   191.000000000000        317.754616754290     
   191.500000000000        316.860141864966     
   192.000000000000        315.769758099607     
   192.500000000000        314.792844684464     
   193.000000000000        313.623138710531     
   193.500000000000        312.565003158343     
   194.000000000000        311.317431750850     
   194.500000000000        310.179388873007     
   195.000000000000        308.855508558612     
   195.500000000000        307.638961865068     
   196.000000000000        306.240418433920     
   196.500000000000        304.946879053620     
   197.000000000000        303.475416973163     
   197.500000000000        302.106488871386     
   198.000000000000        300.563935717094     
   198.500000000000        299.121308789750     
   199.000000000000        297.509590424698     
   199.500000000000        295.995054327187     
   200.000000000000        294.316171377620     
   200.500000000000        292.730624018172     
   201.000000000000        290.987639890725     
   201.500000000000        289.273538012407     
   202.000000000000        287.477804405350     
   202.500000000000        285.613211576090     
   203.000000000000        283.754454844033     
   203.500000000000        281.823587843491     
   204.000000000000        279.904226295290     
   204.500000000000        277.909375372789     
   205.000000000000        275.931886590110     
   205.500000000000        273.875419800765     
   206.000000000000        271.842362243955     
   206.500000000000        269.726714366783     
   207.000000000000        267.640718622579     
   207.500000000000        265.468405313036     
   208.000000000000        263.332155483225     
   208.500000000000        261.105757225306     
   209.000000000000        258.922004161078     
   209.500000000000        256.644165294382     
   210.000000000000        254.406862017728     
   210.500000000000        252.089150082619     
   211.000000000000        249.795209549449     
   211.500000000000        247.292694835621     
   212.000000000000        244.936899564140     
   212.500000000000        242.386863507365     
   213.000000000000        239.977935718056     
   213.500000000000        237.401949443907     
   214.000000000000        234.942757430581     
   214.500000000000        232.344091162460     
   215.000000000000        229.837583530538     
   215.500000000000        227.219534229784     
   216.000000000000        224.668705631575     
   216.500000000000        222.034584442822     
   217.000000000000        219.442482271755     
   217.500000000000        216.795622882818     
   218.000000000000        214.165343672291     
   218.500000000000        211.509099132338     
   219.000000000000        208.804641466320     
   219.500000000000        206.042833295384     
   220.000000000000        203.250538500177     
   220.500000000000        200.474954888548     
   221.000000000000        197.664051482041     
   221.500000000000        194.878143489687     
   222.000000000000        192.052023097827     
   222.500000000000        189.253327371214     
   223.000000000000        186.421340176991     
   223.500000000000        183.601520772854     
   224.000000000000        180.778887365791     
   224.500000000000        177.941394381240     
   225.000000000000        175.131560653542     
   225.500000000000        172.279855599651     
   226.000000000000        169.486258620654     
   226.500000000000        166.623818440910     
   227.000000000000        163.680390941962     
   227.500000000000        160.789267996012     
   228.000000000000        157.843785340187     
   228.500000000000        154.948900943653     
   229.000000000000        152.030767758643     
   229.500000000000        149.135758947295     
   230.000000000000        146.248416888641     
   230.500000000000        143.356896128530     
   231.000000000000        140.503749232989     
   231.500000000000        137.619329865934     
   232.000000000000        134.803728771847     
   232.500000000000        131.930015266737     
   233.000000000000        129.155264056598     
   233.500000000000        126.295841653157     
   234.000000000000        123.560486238148     
   234.500000000000        120.720851867695     
   235.000000000000        117.856674089586     
   235.500000000000        115.016236266756     
   236.000000000000        112.176229865996     
   236.500000000000        109.389756983388     
   237.000000000000        106.577543365235     
   237.500000000000        103.848186934510     
   238.000000000000        101.067351489113     
   238.500000000000        98.3981934154740     
   239.000000000000        95.6522689750662     
   239.500000000000        93.0412360249595     
   240.000000000000        90.3388069778604     
   240.500000000000        87.7841066217594     
   241.000000000000        85.1333196965055     
   241.500000000000        82.6380390858224     
   242.000000000000        80.0420480198642     
   242.500000000000        77.6091802974478     
   243.000000000000        75.0710695893472     
   243.500000000000        72.6250278575989     
   244.000000000000        70.1041807246539     
   244.500000000000        67.6733660758597     
   245.000000000000        65.2097844480353     
   245.500000000000        62.8592789318014     
   246.000000000000        60.4583821634432     
   246.500000000000        58.1787307776189     
   247.000000000000        55.8556163678334     
   247.500000000000        53.6496567020501     
   248.000000000000        51.4069519712218     
   248.500000000000        49.2774325151584     
   249.000000000000        47.1176564050280     
   249.500000000000        45.0672244660962     
   250.000000000000        42.9928047777630     
   250.500000000000        41.0240212089257     
   251.000000000000        39.0372742986890     
   251.500000000000        37.1525984634404     
   252.000000000000        35.2557425721223     
   252.500000000000        33.4575252988795     
   253.000000000000        31.6526607431243     
   253.500000000000        29.9431616286050     
   254.000000000000        28.2322793526226     
   254.500000000000        26.6136381776916     
   255.000000000000        24.9986201170624     
   255.500000000000        23.4170776133904     
   256.000000000000        21.9252775401081     
   256.500000000000        20.3549241942057     
   257.000000000000        18.9714948314350     
   257.500000000000        17.4962749895379     
   258.000000000000        16.2224303804887     
   258.500000000000        14.8444855602387     
   259.000000000000        13.6813072115007     
   259.500000000000        12.4026529882585     
   260.000000000000        11.3510948163752     
   260.500000000000        10.1736461028641     
   261.000000000000        9.23452758476565     
   261.500000000000        8.16005409235242     
   262.000000000000        7.33406883517869     
   262.500000000000        6.36423539426264     
   263.000000000000        5.65187698897905     
   263.500000000000        4.78828961430763     
   264.000000000000        4.18744486556439     
   264.500000000000        3.43404928378160     
   265.000000000000        2.94540639056870     
   265.500000000000        2.30309910925485     
   266.000000000000        1.92721609831655     
   266.500000000000        1.39675022587195     
   267.000000000000        1.13405951598124     
   267.500000000000       0.716067874032751     
   268.000000000000       0.566856905779576     
   268.500000000000       0.261831859598871     
   269.000000000000       0.226272493192249     
   269.500000000000       3.458190214352658E-002
   270.000000000000       0.112698047483792     
   270.500000000000       3.458270058757922E-002
   271.000000000000       0.226272494264378     
   271.500000000000       0.261831660280257     
   272.000000000000       0.566856704414169     
   272.500000000000       0.716066875977685     
   273.000000000000        1.13405912021926     
   273.500000000000        1.39675102613131     
   274.000000000000        1.92721610114307     
   274.500000000000        2.30309890964384     
   275.000000000000        2.94540719091334     
   275.500000000000        3.43405088105957     
   276.000000000000        4.18744287023399     
   276.500000000000        4.78828821694525     
   277.000000000000        5.65187758932282     
   277.500000000000        6.36423539314178     
   278.000000000000        7.33407003144369     
   278.500000000000        8.16005449289024     
   279.000000000000        9.23452858218718     
   279.500000000000        10.1736457037396     
   280.000000000000        11.3510986068768     
   280.500000000000        12.4026537873239     
   281.000000000000        13.6813070140949     
   281.500000000000        14.8444857602274     
   282.000000000000        16.2224313778250     
   282.500000000000        17.4962745888539     
   283.000000000000        18.9714952305595     
   283.500000000000        20.3549241944981     
   284.000000000000        21.9252771421897     
   284.500000000000        23.4170786129075     
   285.000000000000        24.9986181202213     
   285.500000000000        26.6136393735546     
   286.000000000000        28.2322789522797     
   286.500000000000        29.9431612307840     
   287.000000000000        31.6526605445367     
   287.500000000000        33.4575258980536     
   288.000000000000        35.2557413743588     
   288.500000000000        37.1525988644655     
   289.000000000000        39.0372744957537     
   289.500000000000        41.0240210115077     
   290.000000000000        42.9928041772122     
   290.500000000000        45.0672236662389     
   291.000000000000        47.1176564050280     
   291.500000000000        49.2774321181172     
   292.000000000000        51.4069503739560     
   292.500000000000        53.6496553058452     
   293.000000000000        55.8556155679883     
   293.500000000000        58.1787323758106     
   294.000000000000        60.4583823623354     
   294.500000000000        62.8592793306336     
   295.000000000000        65.2097846459406     
   295.500000000000        67.6733678716278     
   296.000000000000        70.1041801247975     
   296.500000000000        72.6250296533670     
   297.000000000000        75.0710687927063     
   297.500000000000        77.6091783012768     
   298.000000000000        80.0420482218144     
   298.500000000000        82.6380394838748     
   299.000000000000        85.1333190994756     
   299.500000000000        87.7841064207351     
   300.000000000000        90.3388065790283     
   300.500000000000        93.0412356235811     
   301.000000000000        95.6522683762332     
   301.500000000000        98.3981946120801     
   302.000000000000        101.067350488914     
   302.500000000000        103.848186135286     
   303.000000000000        106.577544162948     
   303.500000000000        109.389756783485     
   304.000000000000        112.176228869805     
   304.500000000000        115.016235466496     
   305.000000000000        117.856674090951     
   305.500000000000        120.720851866672     
   306.000000000000        123.560486637065     
   306.500000000000        126.295841651683     
   307.000000000000        129.155265655594     
   307.500000000000        131.930014867174     
   308.000000000000        134.803728971763     
   308.500000000000        137.619328867842     
   309.000000000000        140.503749831481     
   309.500000000000        143.356895330475     
   310.000000000000        146.248417486645     
   310.500000000000        149.135757150358     
   311.000000000000        152.030768956662     
   311.500000000000        154.948902141660     
   312.000000000000        157.843785340881     
   312.500000000000        160.789267994489     
   313.000000000000        163.680391738249     
   313.500000000000        166.623820041014     
   314.000000000000        169.486260016506     
   314.500000000000        172.279855800432     
   315.000000000000        175.131558853181     
   315.500000000000        177.941393384160     
   316.000000000000        180.778887958191     
   316.500000000000        183.601521173489     
   317.000000000000        186.421338178359     
   317.500000000000        189.253328170389     
   318.000000000000        192.052025492416     
   318.500000000000        194.878143690382     
   319.000000000000        197.664051880179     
   319.500000000000        200.474955089182     
   320.000000000000        203.250538499385     
   320.500000000000        206.042833495616     
   321.000000000000        208.804639671977     
   321.500000000000        211.509097936195     
   322.000000000000        214.165344471077     
   322.500000000000        216.795621884714     
   323.000000000000        219.442483270200     
   323.500000000000        222.034586037615     
   324.000000000000        224.668706631811     
   324.500000000000        227.219533029535     
   325.000000000000        229.837584131235     
   325.500000000000        232.344090762653     
   326.000000000000        234.942757630569     
   326.500000000000        237.401948045960     
   327.000000000000        239.977934920684     
   327.500000000000        242.386862906680     
   328.000000000000        244.936899765688     
   328.500000000000        247.292696631389     
   329.000000000000        249.795210947749     
   329.500000000000        252.089149883020     
   330.000000000000        254.406861619127     
   330.500000000000        256.644167091076     
   331.000000000000        258.922003161549     
   331.500000000000        261.105757425794     
   332.000000000000        263.332156481865     
   332.500000000000        265.468405911284     
   333.000000000000        267.640718022979     
   333.500000000000        269.726713966878     
   334.000000000000        271.842359650389     
   334.500000000000        273.875418004460     
   335.000000000000        275.931886193069     
   335.500000000000        277.909375373020     
   336.000000000000        279.904225698077     
   336.500000000000        281.823587443866     
   337.000000000000        283.754455643306     
   337.500000000000        285.613210378229     
   338.000000000000        287.477804207846     
   338.500000000000        289.273539012266     
   339.000000000000        290.987640090336     
   339.500000000000        292.730623220398     
   340.000000000000        294.316170778653     
   340.500000000000        295.995055326107     
   341.000000000000        297.509590827538     
   341.500000000000        299.121310187612     
   342.000000000000        300.563935321478     
   342.500000000000        302.106489272472     
   343.000000000000        303.475415977922     
   343.500000000000        304.946881250888     
   344.000000000000        306.240419233376     
   344.500000000000        307.638960866368     
   345.000000000000        308.855509356764     
   345.500000000000        310.179389671451     
   346.000000000000        311.317431551629     
   346.500000000000        312.565003953473     
   347.000000000000        313.623137912087     
   347.500000000000        314.792844082804     
   348.000000000000        315.769756701453     
   348.500000000000        316.860142465115     
   349.000000000000        317.754617154097     
   349.500000000000        318.764321069149     
   350.000000000000        319.575253584531     
   350.500000000000        320.503022275743     
   351.000000000000        321.229399978807     
   351.500000000000        322.074077210387     
   352.000000000000        322.715000968796     
   352.500000000000        323.475532479084     
   353.000000000000        324.030205418894     
   353.500000000000        324.705640226581     
   354.000000000000        325.173380066520     
   354.500000000000        325.759754057034     
   355.000000000000        326.143097787373     
   355.500000000000        326.622168969724     
   356.000000000000        326.913732439065     
   356.500000000000        327.303080714774     
   357.000000000000        327.510364998554     
   357.500000000000        327.814515832099     
   358.000000000000        327.937056268325     
   358.500000000000        328.155822648493     
   359.000000000000        328.193287639278     
   359.500000000000        328.326581179228     
   360.000000000000        328.278734401506     
