 #No_Constraint #No_Constraint #No_Constraint
 #Erot(HCl)cm-1             #J    #Speed(m/s)
         444.92              6         165.88
         444.92              6         282.96
         444.92              6         259.16
         444.92              6         395.71
         444.92              6         153.05
         444.92              6         273.39
         444.92              6         374.51
         444.92              6         214.31
         444.92              6         167.92
         444.92              6         278.26
         444.92              6         164.30
         444.92              6         185.55
         444.92              6         471.03
         444.92              6         366.53
         444.92              6         421.06
         444.92              6         167.74
         444.92              6         122.81
         444.92              6         203.46
         444.92              6         377.44
         444.92              6         459.32
         444.92              6         256.26
         444.92              6         382.50
         444.92              6         230.71
         444.92              6         170.46
         444.92              6         423.39
         444.92              6         705.87
         444.92              6         323.22
         444.92              6         195.25
         444.92              6         257.89
         444.92              6         289.98
         444.92              6         588.29
         444.92              6         149.49
         444.92              6         214.39
         444.92              6         214.02
         444.92              6         265.33
         444.92              6         236.85
         444.92              6         303.78
         444.92              6         463.28
         444.92              6         187.15
         444.92              6         105.12
         444.92              6         299.62
         444.92              6         320.03
         444.92              6         300.95
         444.92              6         503.48
         444.92              6         226.95
         444.92              6         204.46
         444.92              6         282.11
         444.92              6         163.16
         444.92              6         211.13
         444.92              6         253.63
         444.92              6         231.44
         444.92              6         156.27
         444.92              6         241.54
         444.92              6         570.81
         444.92              6         175.62
         444.92              6         245.36
         444.92              6         404.83
         444.92              6         471.61
         444.92              6         147.23
         444.92              6         178.42
         444.92              6         243.47
         444.92              6         589.56
         444.92              6         215.48
         444.92              6         191.29
         444.92              6         313.53
         444.92              6         191.81
         444.92              6         250.80
         444.92              6         633.33
         444.92              6         423.74
         444.92              6         243.20
         444.92              6         163.32
         444.92              6         411.18
         444.92              6         224.82
         444.92              6         218.76
         444.92              6         336.26
         444.92              6         258.38
         444.92              6         514.21
         444.92              6         309.45
         444.92              6         335.04
         444.92              6         162.10
         444.92              6         440.15
         444.92              6         402.68
         444.92              6         244.03
         444.92              6         184.17
         444.92              6         165.44
         444.92              6         386.41
         444.92              6         187.98
         444.92              6         212.12
         444.92              6         355.85
         444.92              6         283.34
         444.92              6         214.78
         444.92              6         194.50
         444.92              6         272.28
         444.92              6         383.95
         444.92              6         389.25
         444.92              6         146.10
         444.92              6         341.53
         444.92              6         425.49
         444.92              6         275.45
         444.92              6         264.37
         444.92              6         303.97
         444.92              6         280.85
         444.92              6         278.18
         444.92              6         449.11
         444.92              6         195.20
         444.92              6         228.31
         444.92              6         368.79
         444.92              6         350.62
         444.92              6         596.66
         444.92              6         176.41
         444.92              6         383.78
         444.92              6         396.47
         444.92              6         357.37
         444.92              6         249.09
         444.92              6         198.44
         444.92              6         312.79
         444.92              6         248.74
         444.92              6         149.83
         444.92              6         149.62
         444.92              6         162.30
         444.92              6         241.04
         444.92              6         332.07
         444.92              6         282.67
         444.92              6         424.45
         444.92              6         434.01
         444.92              6         154.98
         444.92              6         403.02
         444.92              6         173.72
         444.92              6         331.75
         444.92              6         440.66
         444.92              6         225.36
         444.92              6         442.48
         444.92              6         382.06
         444.92              6         234.87
         444.92              6         209.69
         444.92              6         277.65
         444.92              6         441.57
         444.92              6         259.36
         444.92              6         257.73
         444.92              6         226.28
         444.92              6         512.90
         444.92              6         210.32
         444.92              6         363.14
         444.92              6          80.36
         444.92              6         241.68
         444.92              6         184.51
         444.92              6         265.09
         444.92              6         109.71
         444.92              6         259.70
         444.92              6         233.34
         444.92              6         167.68
         444.92              6         187.49
         444.92              6         437.80
         444.92              6         359.61
         444.92              6         249.77
         444.92              6         332.89
         444.92              6         117.06
         444.92              6         383.89
         444.92              6         340.48
         444.92              6         382.65
         444.92              6         239.47
         444.92              6         278.87
         444.92              6         286.77
         444.92              6         352.41
         444.92              6         268.93
         444.92              6         322.82
         444.92              6         162.41
         444.92              6         609.83
         444.92              6         231.37
         444.92              6         366.20
         444.92              6         418.16
         444.92              6         108.87
         444.92              6         270.51
         444.92              6         215.24
         444.92              6         353.61
         444.92              6         257.64
         444.92              6         412.31
         444.92              6         378.59
         444.92              6         316.38
         444.92              6         158.04
         444.92              6         307.56
         444.92              6         625.71
         444.92              6         294.92
         444.92              6         372.04
         444.92              6         367.14
         444.92              6         355.16
         444.92              6         386.18
         444.92              6         477.21
         444.92              6         501.10
         444.92              6         149.25
         444.92              6         335.55
         444.92              6         503.47
         444.92              6         797.43
         444.92              6         323.91
         444.92              6         155.16
         444.92              6         358.34
         444.92              6         480.86
         444.92              6         194.28
         444.92              6         139.74
         444.92              6         365.61
         444.92              6         354.19
         444.92              6         273.43
         444.92              6         457.94
         444.92              6         232.16
         444.92              6         598.89
         444.92              6         293.70
         444.92              6         288.00
         444.92              6         410.36
         444.92              6         245.81
         444.92              6         214.29
         444.92              6         238.29
         444.92              6         364.08
         444.92              6         247.56
         444.92              6         262.05
         444.92              6         493.14
         444.92              6         345.50
         444.92              6         231.12
         444.92              6         196.41
         444.92              6         734.97
         444.92              6         455.16
         444.92              6         273.93
         444.92              6         503.49
         444.92              6         294.03
         444.92              6         297.35
         444.92              6         329.86
         444.92              6         176.68
         444.92              6         310.88
         444.92              6         460.30
         444.92              6         336.08
         444.92              6         347.27
         444.92              6         346.72
         444.92              6         431.99
         444.92              6         334.03
         444.92              6         238.60
         444.92              6         443.58
         444.92              6         212.77
         444.92              6         312.00
         444.92              6         274.61
         444.92              6         701.88
         444.92              6         246.26
         444.92              6         156.82
         444.92              6         570.46
         444.92              6         381.01
         444.92              6         427.29
         444.92              6         289.96
         444.92              6         200.40
         444.92              6         521.93
         444.92              6         148.66
         444.92              6         156.02
         444.92              6         394.27
         444.92              6         534.60
         444.92              6         418.05
         444.92              6         441.36
         444.92              6         259.58
         444.92              6         215.78
         444.92              6         392.76
         444.92              6         278.46
         444.92              6         125.45
         444.92              6         177.72
         444.92              6         285.69
         444.92              6         288.41
         444.92              6         390.59
         444.92              6         307.85
         444.92              6         183.70
         444.92              6         307.19
         444.92              6         333.59
         444.92              6         565.03
         444.92              6         146.88
         444.92              6         337.60
         444.92              6         413.53
         444.92              6         421.39
         444.92              6         401.07
         444.92              6         268.89
         444.92              6         351.74
         444.92              6         253.61
         444.92              6         315.97
         444.92              6         475.16
         444.92              6         132.23
         444.92              6         237.09
         444.92              6         262.51
         444.92              6         172.44
         444.92              6         219.60
         444.92              6         318.20
         444.92              6         138.81
         444.92              6         358.55
         444.92              6         235.84
         444.92              6         105.86
         444.92              6         284.10
         444.92              6         285.90
         444.92              6         151.08
         444.92              6         265.95
         444.92              6         213.63
         444.92              6         347.41
         444.92              6         387.72
         444.92              6         304.92
         444.92              6         298.01
         444.92              6         266.97
         444.92              6         326.62
         444.92              6         589.05
         444.92              6         143.61
         444.92              6         173.57
         444.92              6         419.74
         444.92              6         414.52
         444.92              6         208.31
         444.92              6         530.04
         444.92              6         437.83
         444.92              6         271.78
         444.92              6         350.70
         444.92              6         177.47
         444.92              6         364.95
         444.92              6         344.02
         444.92              6         300.09
         444.92              6         248.93
         444.92              6         317.43
         444.92              6         182.90
         444.92              6         425.22
         444.92              6         362.50
         444.92              6         398.03
         444.92              6         225.75
         444.92              6         241.57
         444.92              6         148.25
         444.92              6         205.71
         444.92              6         358.93
         444.92              6         389.27
         444.92              6         259.06
         444.92              6         180.74
         444.92              6         343.19
         444.92              6         552.71
         444.92              6         382.10
         444.92              6         366.58
         444.92              6         218.05
         444.92              6         364.48
         444.92              6         137.01
         444.92              6         200.27
         444.92              6         253.60
         444.92              6         339.10
         444.92              6         135.70
         444.92              6         209.84
         444.92              6         592.32
         444.92              6         228.66
         444.92              6         111.11
         444.92              6         298.58
         444.92              6         171.83
         444.92              6         290.79
         444.92              6         268.57
         444.92              6         213.83
         444.92              6         283.15
         444.92              6         496.57
         444.92              6         371.61
         444.92              6         644.23
         444.92              6         401.71
         444.92              6         388.53
         444.92              6         341.91
         444.92              6         290.33
         444.92              6         144.17
         444.92              6         133.73
         444.92              6         383.94
         444.92              6         410.67
         444.92              6         278.36
         444.92              6         366.53
         444.92              6         237.54
         444.92              6         310.07
         444.92              6         129.21
         444.92              6         338.36
         444.92              6         202.92
         444.92              6         354.63
         444.92              6         737.63
         444.92              6         239.18
         444.92              6         289.24
         444.92              6         253.05
         444.92              6         600.16
         444.92              6         284.71
         444.92              6         372.52
         444.92              6         249.66
         444.92              6         544.08
         444.92              6         155.23
         444.92              6         296.32
         444.92              6         590.86
         444.92              6         222.62
         444.92              6         212.44
         444.92              6         415.11
         444.92              6         207.13
         444.92              6         308.72
         444.92              6         318.09
         444.92              6         222.23
         444.92              6         211.62
         444.92              6         258.64
         444.92              6         365.84
         444.92              6         425.89
         444.92              6         174.03
         444.92              6         344.80
         444.92              6         308.07
         444.92              6         220.93
         444.92              6         335.70
         444.92              6         261.52
         444.92              6         148.61
         444.92              6         217.25
         444.92              6         261.45
         444.92              6         261.23
         444.92              6         271.79
